chr	from.id	from.coord	to.id	to.coord	tag	size
chr2	1	0	17	680000	domain	680000
chr2	18	680000	24	960000	boundary	280000
chr2	25	960000	39	1560000	domain	600000
chr2	40	1560000	46	1840000	domain	280000
chr2	47	1840000	85	3400000	domain	1560000
chr2	86	3400000	92	3680000	boundary	280000
chr2	93	3680000	96	3840000	boundary	160000
chr2	97	3840000	120	4800000	domain	960000
chr2	121	4800000	171	6840000	domain	2040000
chr2	172	6840000	177	7080000	boundary	240000
chr2	178	7080000	219	8760000	domain	1680000
chr2	220	8760000	236	9440000	domain	680000
chr2	237	9440000	245	9800000	domain	360000
chr2	246	9800000	252	10080000	domain	280000
chr2	253	10080000	267	10680000	domain	600000
chr2	268	10680000	278	11120000	domain	440000
chr2	279	11120000	292	11680000	domain	560000
chr2	293	11680000	295	11800000	boundary	120000
chr2	296	11800000	326	13040000	domain	1240000
chr2	327	13040000	390	15600000	domain	2560000
chr2	391	15600000	413	16520000	domain	920000
chr2	414	16520000	419	16760000	domain	240000
chr2	420	16760000	442	17680000	domain	920000
chr2	443	17680000	460	18400000	domain	720000
chr2	461	18400000	484	19360000	domain	960000
chr2	485	19360000	498	19920000	domain	560000
chr2	499	19920000	509	20360000	domain	440000
chr2	510	20360000	516	20640000	boundary	280000
chr2	517	20640000	525	21000000	domain	360000
chr2	526	21000000	529	21160000	boundary	160000
chr2	530	21160000	584	23360000	domain	2200000
chr2	585	23360000	595	23800000	domain	440000
chr2	596	23800000	609	24360000	domain	560000
chr2	610	24360000	624	24960000	domain	600000
chr2	625	24960000	630	25200000	boundary	240000
chr2	631	25200000	647	25880000	domain	680000
chr2	648	25880000	665	26600000	domain	720000
chr2	666	26600000	669	26760000	boundary	160000
chr2	670	26760000	674	26960000	boundary	200000
chr2	675	26960000	676	27040000	boundary	80000
chr2	677	27040000	685	27400000	boundary	360000
chr2	686	27400000	692	27680000	boundary	280000
chr2	693	27680000	713	28520000	domain	840000
chr2	714	28520000	724	28960000	domain	440000
chr2	725	28960000	730	29200000	domain	240000
chr2	731	29200000	753	30120000	domain	920000
chr2	754	30120000	768	30720000	domain	600000
chr2	769	30720000	784	31360000	domain	640000
chr2	785	31360000	804	32160000	domain	800000
chr2	805	32160000	816	32640000	domain	480000
chr2	817	32640000	840	33600000	domain	960000
chr2	841	33600000	862	34480000	domain	880000
chr2	863	34480000	863	34520000	gap	40000
chr2	864	34520000	908	36320000	domain	1800000
chr2	909	36320000	919	36760000	domain	440000
chr2	920	36760000	927	37080000	boundary	320000
chr2	928	37080000	929	37160000	boundary	80000
chr2	930	37160000	933	37320000	boundary	160000
chr2	934	37320000	948	37920000	domain	600000
chr2	949	37920000	957	38280000	domain	360000
chr2	958	38280000	963	38520000	domain	240000
chr2	964	38520000	971	38840000	domain	320000
chr2	972	38840000	982	39280000	domain	440000
chr2	983	39280000	995	39800000	domain	520000
chr2	996	39800000	1045	41800000	domain	2000000
chr2	1046	41800000	1059	42360000	domain	560000
chr2	1060	42360000	1070	42800000	domain	440000
chr2	1071	42800000	1090	43600000	domain	800000
chr2	1091	43600000	1097	43880000	domain	280000
chr2	1098	43880000	1110	44400000	domain	520000
chr2	1111	44400000	1124	44960000	domain	560000
chr2	1125	44960000	1139	45560000	domain	600000
chr2	1140	45560000	1149	45960000	domain	400000
chr2	1150	45960000	1162	46480000	domain	520000
chr2	1163	46480000	1173	46920000	domain	440000
chr2	1174	46920000	1185	47400000	domain	480000
chr2	1186	47400000	1215	48600000	domain	1200000
chr2	1216	48600000	1240	49600000	domain	1000000
chr2	1241	49600000	1263	50520000	domain	920000
chr2	1264	50520000	1345	53800000	domain	3280000
chr2	1346	53800000	1368	54720000	domain	920000
chr2	1369	54720000	1381	55240000	domain	520000
chr2	1382	55240000	1390	55600000	domain	360000
chr2	1391	55600000	1404	56160000	domain	560000
chr2	1405	56160000	1421	56840000	domain	680000
chr2	1422	56840000	1441	57640000	domain	800000
chr2	1442	57640000	1464	58560000	domain	920000
chr2	1465	58560000	1482	59280000	domain	720000
chr2	1483	59280000	1517	60680000	domain	1400000
chr2	1518	60680000	1525	61000000	domain	320000
chr2	1526	61000000	1547	61880000	domain	880000
chr2	1548	61880000	1561	62440000	domain	560000
chr2	1562	62440000	1592	63680000	domain	1240000
chr2	1593	63680000	1597	63880000	boundary	200000
chr2	1598	63880000	1614	64560000	domain	680000
chr2	1615	64560000	1623	64920000	domain	360000
chr2	1624	64920000	1626	65040000	boundary	120000
chr2	1627	65040000	1630	65200000	boundary	160000
chr2	1631	65200000	1640	65600000	domain	400000
chr2	1641	65600000	1661	66440000	domain	840000
chr2	1662	66440000	1664	66560000	boundary	120000
chr2	1665	66560000	1701	68040000	domain	1480000
chr2	1702	68040000	1708	68320000	domain	280000
chr2	1709	68320000	1724	68960000	domain	640000
chr2	1725	68960000	1733	69320000	domain	360000
chr2	1734	69320000	1746	69840000	domain	520000
chr2	1747	69840000	1757	70280000	domain	440000
chr2	1758	70280000	1775	71000000	domain	720000
chr2	1776	71000000	1776	71040000	gap	40000
chr2	1777	71040000	1788	71520000	domain	480000
chr2	1789	71520000	1804	72160000	domain	640000
chr2	1805	72160000	1819	72760000	domain	600000
chr2	1820	72760000	1822	72880000	boundary	120000
chr2	1823	72880000	1831	73240000	domain	360000
chr2	1832	73240000	1844	73760000	domain	520000
chr2	1845	73760000	1845	73800000	gap	40000
chr2	1846	73800000	1862	74480000	domain	680000
chr2	1863	74480000	1873	74920000	domain	440000
chr2	1874	74920000	1892	75680000	domain	760000
chr2	1893	75680000	1915	76600000	domain	920000
chr2	1916	76600000	1924	76960000	domain	360000
chr2	1925	76960000	1941	77640000	domain	680000
chr2	1942	77640000	1942	77680000	gap	40000
chr2	1943	77680000	1957	78280000	domain	600000
chr2	1958	78280000	1976	79040000	domain	760000
chr2	1977	79040000	1981	79240000	boundary	200000
chr2	1982	79240000	1999	79960000	domain	720000
chr2	2000	79960000	2020	80800000	domain	840000
chr2	2021	80800000	2109	84360000	domain	3560000
chr2	2110	84360000	2123	84920000	domain	560000
chr2	2124	84920000	2134	85360000	domain	440000
chr2	2135	85360000	2140	85600000	boundary	240000
chr2	2141	85600000	2163	86520000	domain	920000
chr2	2164	86520000	2201	88040000	gap	1520000
chr2	2202	88040000	2219	88760000	domain	720000
chr2	2220	88760000	2220	88800000	gap	40000
chr2	2221	88800000	2225	89000000	domain	200000
chr2	2226	89000000	2372	94880000	gap	5880000
chr2	2373	94880000	2385	95400000	domain	520000
chr2	2386	95400000	2402	96080000	gap	680000
chr2	2403	96080000	2411	96440000	domain	360000
chr2	2412	96440000	2412	96480000	gap	40000
chr2	2413	96480000	2425	97000000	domain	520000
chr2	2426	97000000	2441	97640000	gap	640000
chr2	2442	97640000	2460	98400000	domain	760000
chr2	2461	98400000	2465	98600000	boundary	200000
chr2	2466	98600000	2479	99160000	domain	560000
chr2	2480	99160000	2484	99360000	domain	200000
chr2	2485	99360000	2488	99520000	boundary	160000
chr2	2489	99520000	2502	100080000	domain	560000
chr2	2503	100080000	2503	100120000	gap	40000
chr2	2504	100120000	2525	101000000	domain	880000
chr2	2526	101000000	2531	101240000	boundary	240000
chr2	2532	101240000	2547	101880000	domain	640000
chr2	2548	101880000	2549	101960000	boundary	80000
chr2	2550	101960000	2562	102480000	domain	520000
chr2	2563	102480000	2571	102840000	boundary	360000
chr2	2572	102840000	2599	103960000	domain	1120000
chr2	2600	103960000	2627	105080000	domain	1120000
chr2	2628	105080000	2632	105280000	boundary	200000
chr2	2633	105280000	2639	105560000	boundary	280000
chr2	2640	105560000	2659	106360000	domain	800000
chr2	2660	106360000	2663	106520000	gap	160000
chr2	2664	106520000	2696	107840000	domain	1320000
chr2	2697	107840000	2698	107920000	gap	80000
chr2	2699	107920000	2712	108480000	domain	560000
chr2	2713	108480000	2719	108760000	gap	280000
chr2	2720	108760000	2743	109720000	domain	960000
chr2	2744	109720000	2766	110640000	gap	920000
chr2	2767	110640000	2781	111240000	domain	600000
chr2	2782	111240000	2797	111880000	gap	640000
chr2	2798	111880000	2809	112360000	domain	480000
chr2	2810	112360000	2811	112440000	gap	80000
chr2	2812	112440000	2835	113400000	domain	960000
chr2	2836	113400000	2842	113680000	gap	280000
chr2	2843	113680000	2867	114680000	domain	1000000
chr2	2868	114680000	2893	115720000	domain	1040000
chr2	2894	115720000	2903	116120000	boundary	400000
chr2	2904	116120000	2933	117320000	domain	1200000
chr2	2934	117320000	2936	117440000	boundary	120000
chr2	2937	117440000	2945	117800000	domain	360000
chr2	2946	117800000	2950	118000000	boundary	200000
chr2	2951	118000000	2954	118160000	boundary	160000
chr2	2955	118160000	2973	118920000	domain	760000
chr2	2974	118920000	2992	119680000	domain	760000
chr2	2993	119680000	3006	120240000	domain	560000
chr2	3007	120240000	3008	120320000	boundary	80000
chr2	3009	120320000	3017	120680000	domain	360000
chr2	3018	120680000	3027	121080000	domain	400000
chr2	3028	121080000	3034	121360000	domain	280000
chr2	3035	121360000	3044	121760000	domain	400000
chr2	3045	121760000	3108	124320000	domain	2560000
chr2	3109	124320000	3109	124360000	gap	40000
chr2	3110	124360000	3121	124840000	domain	480000
chr2	3122	124840000	3136	125440000	domain	600000
chr2	3137	125440000	3140	125600000	boundary	160000
chr2	3141	125600000	3156	126240000	boundary	640000
chr2	3157	126240000	3176	127040000	domain	800000
chr2	3177	127040000	3188	127520000	domain	480000
chr2	3189	127520000	3193	127720000	boundary	200000
chr2	3194	127720000	3196	127840000	boundary	120000
chr2	3197	127840000	3205	128200000	boundary	360000
chr2	3206	128200000	3219	128760000	domain	560000
chr2	3220	128760000	3249	129960000	domain	1200000
chr2	3250	129960000	3256	130240000	gap	280000
chr2	3257	130240000	3260	130400000	domain	160000
chr2	3261	130400000	3268	130720000	gap	320000
chr2	3269	130720000	3280	131200000	domain	480000
chr2	3281	131200000	3309	132360000	gap	1160000
chr2	3310	132360000	3330	133200000	domain	840000
chr2	3331	133200000	3347	133880000	domain	680000
chr2	3348	133880000	3362	134480000	domain	600000
chr2	3363	134480000	3373	134920000	domain	440000
chr2	3374	134920000	3395	135800000	domain	880000
chr2	3396	135800000	3410	136400000	domain	600000
chr2	3411	136400000	3447	137880000	domain	1480000
chr2	3448	137880000	3471	138840000	domain	960000
chr2	3472	138840000	3522	140880000	domain	2040000
chr2	3523	140880000	3550	142000000	domain	1120000
chr2	3551	142000000	3553	142120000	boundary	120000
chr2	3554	142120000	3576	143040000	domain	920000
chr2	3577	143040000	3667	146680000	domain	3640000
chr2	3668	146680000	3698	147920000	domain	1240000
chr2	3699	147920000	3714	148560000	domain	640000
chr2	3715	148560000	3716	148640000	boundary	80000
chr2	3717	148640000	3725	149000000	domain	360000
chr2	3726	149000000	3740	149600000	domain	600000
chr2	3741	149600000	3789	151560000	domain	1960000
chr2	3790	151560000	3790	151600000	gap	40000
chr2	3791	151600000	3804	152160000	domain	560000
chr2	3805	152160000	3818	152720000	domain	560000
chr2	3819	152720000	3841	153640000	domain	920000
chr2	3842	153640000	3860	154400000	domain	760000
chr2	3861	154400000	3883	155320000	domain	920000
chr2	3884	155320000	3931	157240000	domain	1920000
chr2	3932	157240000	3951	158040000	domain	800000
chr2	3952	158040000	3971	158840000	domain	800000
chr2	3972	158840000	4002	160080000	domain	1240000
chr2	4003	160080000	4027	161080000	domain	1000000
chr2	4028	161080000	4058	162320000	domain	1240000
chr2	4059	162320000	4079	163160000	domain	840000
chr2	4080	163160000	4114	164560000	domain	1400000
chr2	4115	164560000	4125	165000000	domain	440000
chr2	4126	165000000	4149	165960000	domain	960000
chr2	4150	165960000	4155	166200000	boundary	240000
chr2	4156	166200000	4181	167240000	domain	1040000
chr2	4182	167240000	4203	168120000	domain	880000
chr2	4204	168120000	4223	168920000	domain	800000
chr2	4224	168920000	4236	169440000	domain	520000
chr2	4237	169440000	4252	170080000	domain	640000
chr2	4253	170080000	4256	170240000	boundary	160000
chr2	4257	170240000	4273	170920000	domain	680000
chr2	4274	170920000	4289	171560000	domain	640000
chr2	4290	171560000	4304	172160000	domain	600000
chr2	4305	172160000	4319	172760000	domain	600000
chr2	4320	172760000	4335	173400000	domain	640000
chr2	4336	173400000	4360	174400000	domain	1000000
chr2	4361	174400000	4367	174680000	boundary	280000
chr2	4368	174680000	4381	175240000	domain	560000
chr2	4382	175240000	4403	176120000	domain	880000
chr2	4404	176120000	4416	176640000	domain	520000
chr2	4417	176640000	4429	177160000	domain	520000
chr2	4430	177160000	4432	177280000	boundary	120000
chr2	4433	177280000	4444	177760000	domain	480000
chr2	4445	177760000	4453	178120000	domain	360000
chr2	4454	178120000	4466	178640000	domain	520000
chr2	4467	178640000	4467	178680000	gap	40000
chr2	4468	178680000	4502	180080000	domain	1400000
chr2	4503	180080000	4526	181040000	domain	960000
chr2	4527	181040000	4543	181720000	domain	680000
chr2	4544	181720000	4553	182120000	domain	400000
chr2	4554	182120000	4568	182720000	domain	600000
chr2	4569	182720000	4581	183240000	domain	520000
chr2	4582	183240000	4614	184560000	domain	1320000
chr2	4615	184560000	4630	185200000	domain	640000
chr2	4631	185200000	4662	186480000	domain	1280000
chr2	4663	186480000	4670	186800000	domain	320000
chr2	4671	186800000	4687	187480000	domain	680000
chr2	4688	187480000	4713	188520000	domain	1040000
chr2	4714	188520000	4736	189440000	domain	920000
chr2	4737	189440000	4741	189640000	boundary	200000
chr2	4742	189640000	4771	190840000	domain	1200000
chr2	4772	190840000	4776	191040000	domain	200000
chr2	4777	191040000	4779	191160000	boundary	120000
chr2	4780	191160000	4789	191560000	domain	400000
chr2	4790	191560000	4793	191720000	boundary	160000
chr2	4794	191720000	4805	192200000	domain	480000
chr2	4806	192200000	4819	192760000	domain	560000
chr2	4820	192760000	4883	195320000	domain	2560000
chr2	4884	195320000	4901	196040000	domain	720000
chr2	4902	196040000	4919	196760000	domain	720000
chr2	4920	196760000	4940	197600000	domain	840000
chr2	4941	197600000	4943	197720000	boundary	120000
chr2	4944	197720000	4958	198320000	domain	600000
chr2	4959	198320000	4998	199920000	domain	1600000
chr2	4999	199920000	5014	200560000	domain	640000
chr2	5015	200560000	5022	200880000	boundary	320000
chr2	5023	200880000	5030	201200000	domain	320000
chr2	5031	201200000	5044	201760000	domain	560000
chr2	5045	201760000	5057	202280000	domain	520000
chr2	5058	202280000	5081	203240000	domain	960000
chr2	5082	203240000	5098	203920000	domain	680000
chr2	5099	203920000	5149	205960000	domain	2040000
chr2	5150	205960000	5154	206160000	boundary	200000
chr2	5155	206160000	5167	206680000	domain	520000
chr2	5168	206680000	5169	206760000	boundary	80000
chr2	5170	206760000	5188	207520000	domain	760000
chr2	5189	207520000	5220	208800000	domain	1280000
chr2	5221	208800000	5221	208840000	gap	40000
chr2	5222	208840000	5233	209320000	domain	480000
chr2	5234	209320000	5249	209960000	domain	640000
chr2	5250	209960000	5256	210240000	domain	280000
chr2	5257	210240000	5261	210440000	boundary	200000
chr2	5262	210440000	5276	211040000	domain	600000
chr2	5277	211040000	5279	211160000	boundary	120000
chr2	5280	211160000	5293	211720000	domain	560000
chr2	5294	211720000	5316	212640000	domain	920000
chr2	5317	212640000	5331	213240000	domain	600000
chr2	5332	213240000	5383	215320000	domain	2080000
chr2	5384	215320000	5401	216040000	domain	720000
chr2	5402	216040000	5412	216480000	domain	440000
chr2	5413	216480000	5417	216680000	boundary	200000
chr2	5418	216680000	5438	217520000	domain	840000
chr2	5439	217520000	5444	217760000	boundary	240000
chr2	5445	217760000	5454	218160000	domain	400000
chr2	5455	218160000	5467	218680000	domain	520000
chr2	5468	218680000	5472	218880000	boundary	200000
chr2	5473	218880000	5479	219160000	domain	280000
chr2	5480	219160000	5485	219400000	domain	240000
chr2	5486	219400000	5492	219680000	boundary	280000
chr2	5493	219680000	5540	221600000	domain	1920000
chr2	5541	221600000	5550	222000000	domain	400000
chr2	5551	222000000	5566	222640000	domain	640000
chr2	5567	222640000	5574	222960000	domain	320000
chr2	5575	222960000	5599	223960000	domain	1000000
chr2	5600	223960000	5627	225080000	domain	1120000
chr2	5628	225080000	5642	225680000	domain	600000
chr2	5643	225680000	5670	226800000	domain	1120000
chr2	5671	226800000	5678	227120000	boundary	320000
chr2	5679	227120000	5682	227280000	domain	160000
chr2	5683	227280000	5697	227880000	domain	600000
chr2	5698	227880000	5717	228680000	domain	800000
chr2	5718	228680000	5743	229720000	domain	1040000
chr2	5744	229720000	5771	230840000	domain	1120000
chr2	5772	230840000	5776	231040000	boundary	200000
chr2	5777	231040000	5795	231800000	domain	760000
chr2	5796	231800000	5814	232560000	domain	760000
chr2	5815	232560000	5832	233280000	domain	720000
chr2	5833	233280000	5846	233840000	domain	560000
chr2	5847	233840000	5848	233920000	boundary	80000
chr2	5849	233920000	5864	234560000	domain	640000
chr2	5865	234560000	5878	235120000	domain	560000
chr2	5879	235120000	5894	235760000	domain	640000
chr2	5895	235760000	5907	236280000	domain	520000
chr2	5908	236280000	5927	237080000	domain	800000
chr2	5928	237080000	5937	237480000	domain	400000
chr2	5938	237480000	5940	237600000	boundary	120000
chr2	5941	237600000	5944	237760000	boundary	160000
chr2	5945	237760000	5958	238320000	domain	560000
chr2	5959	238320000	5975	239000000	domain	680000
chr2	5976	239000000	5985	239400000	domain	400000
chr2	5986	239400000	6001	240040000	domain	640000
chr2	6002	240040000	6004	240160000	boundary	120000
chr2	6005	240160000	6012	240480000	domain	320000
chr2	6013	240480000	6020	240800000	boundary	320000
chr2	6021	240800000	6052	242080000	domain	1280000
chr2	6053	242080000	6055	242193529	gap	113529
