chr	from.id	from.coord	to.id	to.coord	tag	size
chr7	1	0	1	40000	gap	40000
chr7	2	40000	22	880000	domain	840000
chr7	23	880000	29	1160000	boundary	280000
chr7	30	1160000	45	1800000	domain	640000
chr7	46	1800000	46	1840000	gap	40000
chr7	47	1840000	60	2400000	domain	560000
chr7	61	2400000	72	2880000	boundary	480000
chr7	73	2880000	81	3240000	domain	360000
chr7	82	3240000	114	4560000	domain	1320000
chr7	115	4560000	115	4600000	gap	40000
chr7	116	4600000	130	5200000	domain	600000
chr7	131	5200000	147	5880000	domain	680000
chr7	148	5880000	150	6000000	gap	120000
chr7	151	6000000	168	6720000	domain	720000
chr7	169	6720000	177	7080000	gap	360000
chr7	178	7080000	189	7560000	domain	480000
chr7	190	7560000	208	8320000	domain	760000
chr7	209	8320000	223	8920000	domain	600000
chr7	224	8920000	261	10440000	domain	1520000
chr7	262	10440000	284	11360000	domain	920000
chr7	285	11360000	313	12520000	domain	1160000
chr7	314	12520000	332	13280000	domain	760000
chr7	333	13280000	367	14680000	domain	1400000
chr7	368	14680000	388	15520000	domain	840000
chr7	389	15520000	389	15560000	gap	40000
chr7	390	15560000	402	16080000	domain	520000
chr7	403	16080000	416	16640000	domain	560000
chr7	417	16640000	423	16920000	boundary	280000
chr7	424	16920000	442	17680000	domain	760000
chr7	443	17680000	458	18320000	domain	640000
chr7	459	18320000	477	19080000	domain	760000
chr7	478	19080000	493	19720000	domain	640000
chr7	494	19720000	518	20720000	domain	1000000
chr7	519	20720000	562	22480000	domain	1760000
chr7	563	22480000	563	22520000	gap	40000
chr7	564	22520000	579	23160000	domain	640000
chr7	580	23160000	589	23560000	domain	400000
chr7	590	23560000	594	23760000	boundary	200000
chr7	595	23760000	618	24720000	domain	960000
chr7	619	24720000	629	25160000	domain	440000
chr7	630	25160000	647	25880000	domain	720000
chr7	648	25880000	680	27200000	domain	1320000
chr7	681	27200000	703	28120000	domain	920000
chr7	704	28120000	722	28880000	domain	760000
chr7	723	28880000	741	29640000	domain	760000
chr7	742	29640000	743	29720000	gap	80000
chr7	744	29720000	766	30640000	domain	920000
chr7	767	30640000	769	30760000	boundary	120000
chr7	770	30760000	775	31000000	domain	240000
chr7	776	31000000	792	31680000	domain	680000
chr7	793	31680000	816	32640000	domain	960000
chr7	817	32640000	825	33000000	gap	360000
chr7	826	33000000	849	33960000	domain	960000
chr7	850	33960000	873	34920000	domain	960000
chr7	874	34920000	881	35240000	gap	320000
chr7	882	35240000	897	35880000	domain	640000
chr7	898	35880000	899	35960000	gap	80000
chr7	900	35960000	930	37200000	domain	1240000
chr7	931	37200000	956	38240000	domain	1040000
chr7	957	38240000	957	38280000	gap	40000
chr7	958	38280000	994	39760000	domain	1480000
chr7	995	39760000	997	39880000	gap	120000
chr7	998	39880000	1047	41880000	domain	2000000
chr7	1048	41880000	1072	42880000	domain	1000000
chr7	1073	42880000	1099	43960000	domain	1080000
chr7	1100	43960000	1101	44040000	gap	80000
chr7	1102	44040000	1114	44560000	domain	520000
chr7	1115	44560000	1129	45160000	domain	600000
chr7	1130	45160000	1143	45720000	domain	560000
chr7	1144	45720000	1146	45840000	gap	120000
chr7	1147	45840000	1162	46480000	domain	640000
chr7	1163	46480000	1181	47240000	domain	760000
chr7	1182	47240000	1197	47880000	domain	640000
chr7	1198	47880000	1204	48160000	boundary	280000
chr7	1205	48160000	1221	48840000	domain	680000
chr7	1222	48840000	1222	48880000	gap	40000
chr7	1223	48880000	1248	49920000	domain	1040000
chr7	1249	49920000	1261	50440000	domain	520000
chr7	1262	50440000	1284	51360000	domain	920000
chr7	1285	51360000	1286	51440000	gap	80000
chr7	1287	51440000	1308	52320000	domain	880000
chr7	1309	52320000	1328	53120000	domain	800000
chr7	1329	53120000	1329	53160000	gap	40000
chr7	1330	53160000	1355	54200000	domain	1040000
chr7	1356	54200000	1356	54240000	gap	40000
chr7	1357	54240000	1368	54720000	domain	480000
chr7	1369	54720000	1391	55640000	domain	920000
chr7	1392	55640000	1394	55760000	gap	120000
chr7	1395	55760000	1408	56320000	domain	560000
chr7	1409	56320000	1602	64080000	gap	7760000
chr7	1603	64080000	1610	64400000	domain	320000
chr7	1611	64400000	1611	64440000	gap	40000
chr7	1612	64440000	1620	64800000	domain	360000
chr7	1621	64800000	1621	64840000	gap	40000
chr7	1622	64840000	1625	65000000	domain	160000
chr7	1626	65000000	1631	65240000	gap	240000
chr7	1632	65240000	1637	65480000	domain	240000
chr7	1638	65480000	1647	65880000	gap	400000
chr7	1648	65880000	1663	66520000	domain	640000
chr7	1664	66520000	1675	67000000	domain	480000
chr7	1676	67000000	1684	67360000	gap	360000
chr7	1685	67360000	1751	70040000	domain	2680000
chr7	1752	70040000	1770	70800000	domain	760000
chr7	1771	70800000	1794	71760000	domain	960000
chr7	1795	71760000	1813	72520000	domain	760000
chr7	1814	72520000	1833	73320000	gap	800000
chr7	1834	73320000	1851	74040000	domain	720000
chr7	1852	74040000	1868	74720000	domain	680000
chr7	1869	74720000	1888	75520000	gap	800000
chr7	1889	75520000	1903	76120000	domain	600000
chr7	1904	76120000	1904	76160000	gap	40000
chr7	1905	76160000	1911	76440000	domain	280000
chr7	1912	76440000	1929	77160000	gap	720000
chr7	1930	77160000	1945	77800000	domain	640000
chr7	1946	77800000	1981	79240000	domain	1440000
chr7	1982	79240000	2000	80000000	domain	760000
chr7	2001	80000000	2017	80680000	domain	680000
chr7	2018	80680000	2037	81480000	domain	800000
chr7	2038	81480000	2050	82000000	domain	520000
chr7	2051	82000000	2069	82760000	domain	760000
chr7	2070	82760000	2083	83320000	domain	560000
chr7	2084	83320000	2097	83880000	domain	560000
chr7	2098	83880000	2125	85000000	domain	1120000
chr7	2126	85000000	2147	85880000	domain	880000
chr7	2148	85880000	2173	86920000	domain	1040000
chr7	2174	86920000	2182	87280000	domain	360000
chr7	2183	87280000	2186	87440000	boundary	160000
chr7	2187	87440000	2205	88200000	domain	760000
chr7	2206	88200000	2253	90120000	domain	1920000
chr7	2254	90120000	2254	90160000	gap	40000
chr7	2255	90160000	2276	91040000	domain	880000
chr7	2277	91040000	2296	91840000	domain	800000
chr7	2297	91840000	2314	92560000	domain	720000
chr7	2315	92560000	2328	93120000	domain	560000
chr7	2329	93120000	2357	94280000	domain	1160000
chr7	2358	94280000	2360	94400000	domain	120000
chr7	2361	94400000	2387	95480000	domain	1080000
chr7	2388	95480000	2393	95720000	domain	240000
chr7	2394	95720000	2397	95880000	boundary	160000
chr7	2398	95880000	2427	97080000	domain	1200000
chr7	2428	97080000	2447	97880000	domain	800000
chr7	2448	97880000	2450	98000000	gap	120000
chr7	2451	98000000	2472	98880000	domain	880000
chr7	2473	98880000	2487	99480000	domain	600000
chr7	2488	99480000	2507	100280000	domain	800000
chr7	2508	100280000	2509	100360000	gap	80000
chr7	2510	100360000	2522	100880000	domain	520000
chr7	2523	100880000	2532	101280000	boundary	400000
chr7	2533	101280000	2538	101520000	domain	240000
chr7	2539	101520000	2558	102320000	domain	800000
chr7	2559	102320000	2570	102800000	gap	480000
chr7	2571	102800000	2579	103160000	domain	360000
chr7	2580	103160000	2582	103280000	gap	120000
chr7	2583	103280000	2605	104200000	domain	920000
chr7	2606	104200000	2623	104920000	domain	720000
chr7	2624	104920000	2639	105560000	domain	640000
chr7	2640	105560000	2654	106160000	domain	600000
chr7	2655	106160000	2679	107160000	domain	1000000
chr7	2680	107160000	2693	107720000	domain	560000
chr7	2694	107720000	2697	107880000	boundary	160000
chr7	2698	107880000	2704	108160000	domain	280000
chr7	2705	108160000	2714	108560000	domain	400000
chr7	2715	108560000	2746	109840000	domain	1280000
chr7	2747	109840000	2762	110480000	domain	640000
chr7	2763	110480000	2776	111040000	domain	560000
chr7	2777	111040000	2793	111720000	domain	680000
chr7	2794	111720000	2812	112480000	domain	760000
chr7	2813	112480000	2843	113720000	domain	1240000
chr7	2844	113720000	2845	113800000	boundary	80000
chr7	2846	113800000	2867	114680000	domain	880000
chr7	2868	114680000	2903	116120000	domain	1440000
chr7	2904	116120000	2922	116880000	domain	760000
chr7	2923	116880000	2935	117400000	domain	520000
chr7	2936	117400000	2956	118240000	domain	840000
chr7	2957	118240000	2995	119800000	domain	1560000
chr7	2996	119800000	3020	120800000	domain	1000000
chr7	3021	120800000	3024	120960000	boundary	160000
chr7	3025	120960000	3028	121120000	domain	160000
chr7	3029	121120000	3039	121560000	domain	440000
chr7	3040	121560000	3051	122040000	domain	480000
chr7	3052	122040000	3086	123440000	domain	1400000
chr7	3087	123440000	3098	123920000	domain	480000
chr7	3099	123920000	3124	124960000	domain	1040000
chr7	3125	124960000	3144	125760000	domain	800000
chr7	3145	125760000	3147	125880000	boundary	120000
chr7	3148	125880000	3172	126880000	domain	1000000
chr7	3173	126880000	3173	126920000	gap	40000
chr7	3174	126920000	3189	127560000	domain	640000
chr7	3190	127560000	3212	128480000	domain	920000
chr7	3213	128480000	3217	128680000	gap	200000
chr7	3218	128680000	3229	129160000	domain	480000
chr7	3230	129160000	3251	130040000	domain	880000
chr7	3252	130040000	3272	130880000	domain	840000
chr7	3273	130880000	3289	131560000	domain	680000
chr7	3290	131560000	3292	131680000	boundary	120000
chr7	3293	131680000	3308	132320000	domain	640000
chr7	3309	132320000	3360	134400000	domain	2080000
chr7	3361	134400000	3365	134600000	boundary	200000
chr7	3366	134600000	3380	135200000	domain	600000
chr7	3381	135200000	3391	135640000	domain	440000
chr7	3392	135640000	3419	136760000	domain	1120000
chr7	3420	136760000	3420	136800000	gap	40000
chr7	3421	136800000	3440	137600000	domain	800000
chr7	3441	137600000	3452	138080000	domain	480000
chr7	3453	138080000	3483	139320000	domain	1240000
chr7	3484	139320000	3502	140080000	domain	760000
chr7	3503	140080000	3512	140480000	domain	400000
chr7	3513	140480000	3518	140720000	boundary	240000
chr7	3519	140720000	3525	141000000	domain	280000
chr7	3526	141000000	3544	141760000	domain	760000
chr7	3545	141760000	3562	142480000	domain	720000
chr7	3563	142480000	3571	142840000	domain	360000
chr7	3572	142840000	3588	143520000	domain	680000
chr7	3589	143520000	3597	143880000	gap	360000
chr7	3598	143880000	3604	144160000	domain	280000
chr7	3605	144160000	3610	144400000	gap	240000
chr7	3611	144400000	3626	145040000	domain	640000
chr7	3627	145040000	3653	146120000	domain	1080000
chr7	3654	146120000	3681	147240000	domain	1120000
chr7	3682	147240000	3706	148240000	domain	1000000
chr7	3707	148240000	3712	148480000	domain	240000
chr7	3713	148480000	3728	149120000	domain	640000
chr7	3729	149120000	3747	149880000	domain	760000
chr7	3748	149880000	3758	150320000	gap	440000
chr7	3759	150320000	3775	151000000	domain	680000
chr7	3776	151000000	3805	152200000	domain	1200000
chr7	3806	152200000	3806	152240000	gap	40000
chr7	3807	152240000	3819	152760000	domain	520000
chr7	3820	152760000	3821	152840000	gap	80000
chr7	3822	152840000	3843	153720000	domain	880000
chr7	3844	153720000	3854	154160000	gap	440000
chr7	3855	154160000	3865	154600000	domain	440000
chr7	3866	154600000	3866	154640000	gap	40000
chr7	3867	154640000	3885	155400000	domain	760000
chr7	3886	155400000	3890	155600000	domain	200000
chr7	3891	155600000	3895	155800000	boundary	200000
chr7	3896	155800000	3922	156880000	domain	1080000
chr7	3923	156880000	3935	157400000	domain	520000
chr7	3936	157400000	3958	158320000	domain	920000
chr7	3959	158320000	3958	158320000	gap	0
chr7	3959	158320000	3959	158360000	gap	40000
chr7	3960	158360000	3984	159345973	domain	985973
