chr	from.id	from.coord	to.id	to.coord	tag	size
chr20	1	40000	1	80000	gap	40000
chr20	2	80000	7	320000	domain	240000
chr20	8	320000	12	520000	domain	200000
chr20	13	520000	19	800000	domain	280000
chr20	20	800000	27	1120000	domain	320000
chr20	28	1120000	30	1240000	domain	120000
chr20	31	1240000	38	1560000	domain	320000
chr20	39	1560000	40	1640000	gap	80000
chr20	41	1640000	48	1960000	domain	320000
chr20	49	1960000	54	2200000	domain	240000
chr20	55	2200000	61	2480000	domain	280000
chr20	62	2480000	66	2680000	domain	200000
chr20	67	2680000	75	3040000	domain	360000
chr20	76	3040000	79	3200000	domain	160000
chr20	80	3200000	83	3360000	domain	160000
chr20	84	3360000	90	3640000	domain	280000
chr20	91	3640000	101	4080000	domain	440000
chr20	102	4080000	105	4240000	domain	160000
chr20	106	4240000	114	4600000	domain	360000
chr20	115	4600000	118	4760000	domain	160000
chr20	119	4760000	123	4960000	domain	200000
chr20	124	4960000	127	5120000	domain	160000
chr20	128	5120000	130	5240000	domain	120000
chr20	131	5240000	137	5520000	domain	280000
chr20	138	5520000	144	5800000	domain	280000
chr20	145	5800000	152	6120000	domain	320000
chr20	153	6120000	163	6560000	domain	440000
chr20	164	6560000	177	7120000	domain	560000
chr20	178	7120000	182	7320000	domain	200000
chr20	183	7320000	197	7920000	domain	600000
chr20	198	7920000	209	8400000	domain	480000
chr20	210	8400000	217	8720000	domain	320000
chr20	218	8720000	234	9400000	domain	680000
chr20	235	9400000	240	9640000	domain	240000
chr20	241	9640000	247	9920000	domain	280000
chr20	248	9920000	260	10440000	domain	520000
chr20	261	10440000	266	10680000	domain	240000
chr20	267	10680000	281	11280000	domain	600000
chr20	282	11280000	288	11560000	domain	280000
chr20	289	11560000	306	12280000	domain	720000
chr20	307	12280000	322	12920000	domain	640000
chr20	323	12920000	327	13120000	domain	200000
chr20	328	13120000	332	13320000	domain	200000
chr20	333	13320000	344	13800000	domain	480000
chr20	345	13800000	351	14080000	domain	280000
chr20	352	14080000	357	14320000	domain	240000
chr20	358	14320000	377	15120000	domain	800000
chr20	378	15120000	378	15160000	gap	40000
chr20	379	15160000	411	16480000	domain	1320000
chr20	412	16480000	419	16800000	domain	320000
chr20	420	16800000	436	17480000	domain	680000
chr20	437	17480000	441	17680000	domain	200000
chr20	442	17680000	449	18000000	domain	320000
chr20	450	18000000	457	18320000	domain	320000
chr20	458	18320000	464	18600000	domain	280000
chr20	465	18600000	479	19200000	domain	600000
chr20	480	19200000	491	19680000	domain	480000
chr20	492	19680000	501	20080000	domain	400000
chr20	502	20080000	514	20600000	domain	520000
chr20	515	20600000	520	20840000	domain	240000
chr20	521	20840000	537	21520000	domain	680000
chr20	538	21520000	540	21640000	domain	120000
chr20	541	21640000	542	21720000	domain	80000
chr20	543	21720000	557	22320000	domain	600000
chr20	558	22320000	566	22680000	domain	360000
chr20	567	22680000	575	23040000	domain	360000
chr20	576	23040000	583	23360000	domain	320000
chr20	584	23360000	592	23720000	domain	360000
chr20	593	23720000	593	23760000	gap	40000
chr20	594	23760000	600	24040000	domain	280000
chr20	601	24040000	622	24920000	domain	880000
chr20	623	24920000	629	25200000	domain	280000
chr20	630	25200000	635	25440000	domain	240000
chr20	636	25440000	643	25760000	domain	320000
chr20	644	25760000	780	31240000	gap	5480000
chr20	781	31240000	787	31520000	domain	280000
chr20	788	31520000	793	31760000	domain	240000
chr20	794	31760000	802	32120000	domain	360000
chr20	803	32120000	812	32520000	domain	400000
chr20	813	32520000	816	32680000	domain	160000
chr20	817	32680000	833	33360000	domain	680000
chr20	834	33360000	841	33680000	domain	320000
chr20	842	33680000	853	34160000	domain	480000
chr20	854	34160000	862	34520000	domain	360000
chr20	863	34520000	870	34840000	domain	320000
chr20	871	34840000	881	35280000	domain	440000
chr20	882	35280000	886	35480000	domain	200000
chr20	887	35480000	892	35720000	domain	240000
chr20	893	35720000	898	35960000	domain	240000
chr20	899	35960000	903	36160000	domain	200000
chr20	904	36160000	910	36440000	domain	280000
chr20	911	36440000	922	36920000	domain	480000
chr20	923	36920000	928	37160000	domain	240000
chr20	929	37160000	938	37560000	domain	400000
chr20	939	37560000	950	38040000	domain	480000
chr20	951	38040000	954	38200000	domain	160000
chr20	955	38200000	960	38440000	domain	240000
chr20	961	38440000	964	38600000	domain	160000
chr20	965	38600000	969	38800000	domain	200000
chr20	970	38800000	972	38920000	domain	120000
chr20	973	38920000	976	39080000	domain	160000
chr20	977	39080000	981	39280000	domain	200000
chr20	982	39280000	997	39920000	domain	640000
chr20	998	39920000	1017	40720000	domain	800000
chr20	1018	40720000	1023	40960000	domain	240000
chr20	1024	40960000	1027	41120000	domain	160000
chr20	1028	41120000	1033	41360000	domain	240000
chr20	1034	41360000	1042	41720000	domain	360000
chr20	1043	41720000	1048	41960000	domain	240000
chr20	1049	41960000	1054	42200000	domain	240000
chr20	1055	42200000	1063	42560000	domain	360000
chr20	1064	42560000	1079	43200000	domain	640000
chr20	1080	43200000	1084	43400000	domain	200000
chr20	1085	43400000	1092	43720000	domain	320000
chr20	1093	43720000	1101	44080000	domain	360000
chr20	1102	44080000	1116	44680000	domain	600000
chr20	1117	44680000	1121	44880000	domain	200000
chr20	1122	44880000	1131	45280000	domain	400000
chr20	1132	45280000	1136	45480000	domain	200000
chr20	1137	45480000	1143	45760000	domain	280000
chr20	1144	45760000	1149	46000000	domain	240000
chr20	1150	46000000	1152	46120000	domain	120000
chr20	1153	46120000	1161	46480000	domain	360000
chr20	1162	46480000	1167	46720000	domain	240000
chr20	1168	46720000	1179	47200000	domain	480000
chr20	1180	47200000	1184	47400000	domain	200000
chr20	1185	47400000	1190	47640000	domain	240000
chr20	1191	47640000	1194	47800000	domain	160000
chr20	1195	47800000	1195	47840000	gap	40000
chr20	1196	47840000	1215	48640000	domain	800000
chr20	1216	48640000	1222	48920000	domain	280000
chr20	1223	48920000	1232	49320000	domain	400000
chr20	1233	49320000	1237	49520000	domain	200000
chr20	1238	49520000	1239	49600000	domain	80000
chr20	1240	49600000	1247	49920000	domain	320000
chr20	1248	49920000	1252	50120000	domain	200000
chr20	1253	50120000	1254	50200000	boundary	80000
chr20	1255	50200000	1261	50480000	domain	280000
chr20	1262	50480000	1264	50600000	domain	120000
chr20	1265	50600000	1268	50760000	domain	160000
chr20	1269	50760000	1273	50960000	domain	200000
chr20	1274	50960000	1283	51360000	domain	400000
chr20	1284	51360000	1290	51640000	domain	280000
chr20	1291	51640000	1294	51800000	domain	160000
chr20	1295	51800000	1303	52160000	domain	360000
chr20	1304	52160000	1317	52720000	domain	560000
chr20	1318	52720000	1323	52960000	domain	240000
chr20	1324	52960000	1329	53200000	domain	240000
chr20	1330	53200000	1338	53560000	domain	360000
chr20	1339	53560000	1347	53920000	domain	360000
chr20	1348	53920000	1351	54080000	domain	160000
chr20	1352	54080000	1355	54240000	domain	160000
chr20	1356	54240000	1365	54640000	domain	400000
chr20	1366	54640000	1404	56200000	domain	1560000
chr20	1405	56200000	1408	56360000	domain	160000
chr20	1409	56360000	1412	56520000	domain	160000
chr20	1413	56520000	1426	57080000	domain	560000
chr20	1427	57080000	1433	57360000	domain	280000
chr20	1434	57360000	1440	57640000	domain	280000
chr20	1441	57640000	1455	58240000	domain	600000
chr20	1456	58240000	1461	58480000	domain	240000
chr20	1462	58480000	1466	58680000	domain	200000
chr20	1467	58680000	1470	58840000	domain	160000
chr20	1471	58840000	1475	59040000	domain	200000
chr20	1476	59040000	1480	59240000	domain	200000
chr20	1481	59240000	1487	59520000	domain	280000
chr20	1488	59520000	1493	59760000	domain	240000
chr20	1494	59760000	1497	59920000	domain	160000
chr20	1498	59920000	1501	60080000	domain	160000
chr20	1502	60080000	1505	60240000	domain	160000
chr20	1506	60240000	1509	60400000	domain	160000
chr20	1510	60400000	1529	61200000	domain	800000
chr20	1530	61200000	1534	61400000	domain	200000
chr20	1535	61400000	1548	61960000	domain	560000
chr20	1549	61960000	1553	62160000	domain	200000
chr20	1554	62160000	1559	62400000	domain	240000
chr20	1560	62400000	1565	62640000	domain	240000
chr20	1566	62640000	1569	62800000	domain	160000
chr20	1570	62800000	1575	63040000	domain	240000
chr20	1576	63040000	1587	63520000	domain	480000
chr20	1588	63520000	1602	64120000	domain	600000
chr20	1603	64120000	1606	64280000	domain	160000
chr20	1607	64280000	1608	64360000	gap	80000
