chr	from.id	from.coord	to.id	to.coord	tag	size
chr3	1	0	1	40000	gap	40000
chr3	2	40000	10	400000	domain	360000
chr3	11	400000	14	560000	domain	160000
chr3	15	560000	15	600000	gap	40000
chr3	16	600000	26	1040000	domain	440000
chr3	27	1040000	36	1440000	domain	400000
chr3	37	1440000	41	1640000	domain	200000
chr3	42	1640000	47	1880000	domain	240000
chr3	48	1880000	69	2760000	domain	880000
chr3	70	2760000	80	3200000	domain	440000
chr3	81	3200000	108	4320000	domain	1120000
chr3	109	4320000	116	4640000	domain	320000
chr3	117	4640000	128	5120000	domain	480000
chr3	129	5120000	145	5800000	domain	680000
chr3	146	5800000	170	6800000	domain	1000000
chr3	171	6800000	189	7560000	domain	760000
chr3	190	7560000	203	8120000	domain	560000
chr3	204	8120000	211	8440000	domain	320000
chr3	212	8440000	216	8640000	domain	200000
chr3	217	8640000	224	8960000	domain	320000
chr3	225	8960000	233	9320000	domain	360000
chr3	234	9320000	237	9480000	domain	160000
chr3	238	9480000	243	9720000	domain	240000
chr3	244	9720000	258	10320000	domain	600000
chr3	259	10320000	269	10760000	domain	440000
chr3	270	10760000	273	10920000	domain	160000
chr3	274	10920000	277	11080000	domain	160000
chr3	278	11080000	284	11360000	domain	280000
chr3	285	11360000	297	11880000	domain	520000
chr3	298	11880000	303	12120000	domain	240000
chr3	304	12120000	312	12480000	domain	360000
chr3	313	12480000	318	12720000	domain	240000
chr3	319	12720000	321	12840000	domain	120000
chr3	322	12840000	326	13040000	domain	200000
chr3	327	13040000	337	13480000	domain	440000
chr3	338	13480000	342	13680000	domain	200000
chr3	343	13680000	347	13880000	domain	200000
chr3	348	13880000	353	14120000	domain	240000
chr3	354	14120000	355	14200000	domain	80000
chr3	356	14200000	362	14480000	domain	280000
chr3	363	14480000	366	14640000	domain	160000
chr3	367	14640000	373	14920000	domain	280000
chr3	374	14920000	377	15080000	domain	160000
chr3	378	15080000	386	15440000	domain	360000
chr3	387	15440000	390	15600000	domain	160000
chr3	391	15600000	396	15840000	domain	240000
chr3	397	15840000	401	16040000	domain	200000
chr3	402	16040000	407	16280000	domain	240000
chr3	408	16280000	415	16600000	domain	320000
chr3	416	16600000	431	17240000	domain	640000
chr3	432	17240000	436	17440000	domain	200000
chr3	437	17440000	446	17840000	domain	400000
chr3	447	17840000	459	18360000	domain	520000
chr3	460	18360000	470	18800000	domain	440000
chr3	471	18800000	476	19040000	domain	240000
chr3	477	19040000	489	19560000	domain	520000
chr3	490	19560000	497	19880000	domain	320000
chr3	498	19880000	505	20200000	domain	320000
chr3	506	20200000	523	20920000	domain	720000
chr3	524	20920000	536	21440000	domain	520000
chr3	537	21440000	548	21920000	domain	480000
chr3	549	21920000	554	22160000	domain	240000
chr3	555	22160000	564	22560000	domain	400000
chr3	565	22560000	574	22960000	domain	400000
chr3	575	22960000	591	23640000	domain	680000
chr3	592	23640000	599	23960000	domain	320000
chr3	600	23960000	613	24520000	domain	560000
chr3	614	24520000	618	24720000	domain	200000
chr3	619	24720000	624	24960000	domain	240000
chr3	625	24960000	640	25600000	domain	640000
chr3	641	25600000	646	25840000	domain	240000
chr3	647	25840000	668	26720000	domain	880000
chr3	669	26720000	678	27120000	domain	400000
chr3	679	27120000	682	27280000	domain	160000
chr3	683	27280000	687	27480000	domain	200000
chr3	688	27480000	693	27720000	domain	240000
chr3	694	27720000	709	28360000	domain	640000
chr3	710	28360000	744	29760000	domain	1400000
chr3	745	29760000	750	30000000	domain	240000
chr3	751	30000000	769	30760000	domain	760000
chr3	770	30760000	779	31160000	domain	400000
chr3	780	31160000	788	31520000	domain	360000
chr3	789	31520000	800	32000000	domain	480000
chr3	801	32000000	804	32160000	domain	160000
chr3	805	32160000	809	32360000	domain	200000
chr3	810	32360000	812	32480000	domain	120000
chr3	813	32480000	817	32680000	domain	200000
chr3	818	32680000	823	32920000	domain	240000
chr3	824	32920000	828	33120000	domain	200000
chr3	829	33120000	835	33400000	domain	280000
chr3	836	33400000	847	33880000	domain	480000
chr3	848	33880000	868	34720000	domain	840000
chr3	869	34720000	892	35680000	domain	960000
chr3	893	35680000	897	35880000	domain	200000
chr3	898	35880000	906	36240000	domain	360000
chr3	907	36240000	917	36680000	domain	440000
chr3	918	36680000	925	37000000	domain	320000
chr3	926	37000000	931	37240000	domain	240000
chr3	932	37240000	935	37400000	domain	160000
chr3	936	37400000	945	37800000	domain	400000
chr3	946	37800000	950	38000000	domain	200000
chr3	951	38000000	958	38320000	domain	320000
chr3	959	38320000	963	38520000	domain	200000
chr3	964	38520000	967	38680000	domain	160000
chr3	968	38680000	976	39040000	domain	360000
chr3	977	39040000	985	39400000	domain	360000
chr3	986	39400000	992	39680000	domain	280000
chr3	993	39680000	1004	40160000	domain	480000
chr3	1005	40160000	1008	40320000	domain	160000
chr3	1009	40320000	1014	40560000	domain	240000
chr3	1015	40560000	1030	41200000	domain	640000
chr3	1031	41200000	1047	41880000	domain	680000
chr3	1048	41880000	1056	42240000	domain	360000
chr3	1057	42240000	1062	42480000	domain	240000
chr3	1063	42480000	1073	42920000	domain	440000
chr3	1074	42920000	1079	43160000	domain	240000
chr3	1080	43160000	1088	43520000	domain	360000
chr3	1089	43520000	1094	43760000	domain	240000
chr3	1095	43760000	1107	44280000	domain	520000
chr3	1108	44280000	1125	45000000	domain	720000
chr3	1126	45000000	1131	45240000	domain	240000
chr3	1132	45240000	1137	45480000	domain	240000
chr3	1138	45480000	1143	45720000	domain	240000
chr3	1144	45720000	1148	45920000	domain	200000
chr3	1149	45920000	1153	46120000	domain	200000
chr3	1154	46120000	1160	46400000	domain	280000
chr3	1161	46400000	1167	46680000	domain	280000
chr3	1168	46680000	1173	46920000	domain	240000
chr3	1174	46920000	1184	47360000	domain	440000
chr3	1185	47360000	1188	47520000	domain	160000
chr3	1189	47520000	1195	47800000	domain	280000
chr3	1196	47800000	1204	48160000	domain	360000
chr3	1205	48160000	1211	48440000	domain	280000
chr3	1212	48440000	1217	48680000	domain	240000
chr3	1218	48680000	1224	48960000	domain	280000
chr3	1225	48960000	1233	49320000	domain	360000
chr3	1234	49320000	1237	49480000	domain	160000
chr3	1238	49480000	1242	49680000	domain	200000
chr3	1243	49680000	1248	49920000	domain	240000
chr3	1249	49920000	1252	50080000	domain	160000
chr3	1253	50080000	1259	50360000	domain	280000
chr3	1260	50360000	1267	50680000	domain	320000
chr3	1268	50680000	1285	51400000	domain	720000
chr3	1286	51400000	1292	51680000	domain	280000
chr3	1293	51680000	1298	51920000	domain	240000
chr3	1299	51920000	1305	52200000	domain	280000
chr3	1306	52200000	1310	52400000	domain	200000
chr3	1311	52400000	1318	52720000	domain	320000
chr3	1319	52720000	1327	53080000	domain	360000
chr3	1328	53080000	1332	53280000	domain	200000
chr3	1333	53280000	1344	53760000	domain	480000
chr3	1345	53760000	1348	53920000	domain	160000
chr3	1349	53920000	1353	54120000	domain	200000
chr3	1354	54120000	1360	54400000	domain	280000
chr3	1361	54400000	1371	54840000	domain	440000
chr3	1372	54840000	1387	55480000	domain	640000
chr3	1388	55480000	1393	55720000	domain	240000
chr3	1394	55720000	1407	56280000	domain	560000
chr3	1408	56280000	1413	56520000	domain	240000
chr3	1414	56520000	1417	56680000	domain	160000
chr3	1418	56680000	1425	57000000	domain	320000
chr3	1426	57000000	1440	57600000	domain	600000
chr3	1441	57600000	1446	57840000	domain	240000
chr3	1447	57840000	1450	58000000	domain	160000
chr3	1451	58000000	1454	58160000	domain	160000
chr3	1455	58160000	1458	58320000	domain	160000
chr3	1459	58320000	1464	58560000	domain	240000
chr3	1465	58560000	1466	58640000	domain	80000
chr3	1467	58640000	1489	59560000	domain	920000
chr3	1490	59560000	1497	59880000	domain	320000
chr3	1498	59880000	1535	61400000	domain	1520000
chr3	1536	61400000	1555	62200000	domain	800000
chr3	1556	62200000	1565	62600000	domain	400000
chr3	1566	62600000	1581	63240000	domain	640000
chr3	1582	63240000	1596	63840000	domain	600000
chr3	1597	63840000	1600	64000000	domain	160000
chr3	1601	64000000	1613	64520000	domain	520000
chr3	1614	64520000	1617	64680000	domain	160000
chr3	1618	64680000	1631	65240000	domain	560000
chr3	1632	65240000	1636	65440000	domain	200000
chr3	1637	65440000	1644	65760000	domain	320000
chr3	1645	65760000	1656	66240000	domain	480000
chr3	1657	66240000	1660	66400000	domain	160000
chr3	1661	66400000	1671	66840000	domain	440000
chr3	1672	66840000	1678	67120000	domain	280000
chr3	1679	67120000	1684	67360000	domain	240000
chr3	1685	67360000	1694	67760000	domain	400000
chr3	1695	67760000	1698	67920000	domain	160000
chr3	1699	67920000	1699	67960000	gap	40000
chr3	1700	67960000	1717	68680000	domain	720000
chr3	1718	68680000	1718	68720000	gap	40000
chr3	1719	68720000	1722	68880000	domain	160000
chr3	1723	68880000	1736	69440000	domain	560000
chr3	1737	69440000	1742	69680000	domain	240000
chr3	1743	69680000	1750	70000000	domain	320000
chr3	1751	70000000	1759	70360000	domain	360000
chr3	1760	70360000	1760	70400000	gap	40000
chr3	1761	70400000	1774	70960000	domain	560000
chr3	1775	70960000	1792	71680000	domain	720000
chr3	1793	71680000	1797	71880000	domain	200000
chr3	1798	71880000	1807	72280000	domain	400000
chr3	1808	72280000	1812	72480000	domain	200000
chr3	1813	72480000	1821	72840000	domain	360000
chr3	1822	72840000	1828	73120000	domain	280000
chr3	1829	73120000	1837	73480000	domain	360000
chr3	1838	73480000	1845	73800000	domain	320000
chr3	1846	73800000	1846	73840000	gap	40000
chr3	1847	73840000	1866	74640000	domain	800000
chr3	1867	74640000	1875	75000000	domain	360000
chr3	1876	75000000	1881	75240000	domain	240000
chr3	1882	75240000	1888	75520000	domain	280000
chr3	1889	75520000	1899	75960000	gap	440000
chr3	1900	75960000	1904	76160000	domain	200000
chr3	1905	76160000	1915	76600000	domain	440000
chr3	1916	76600000	1919	76760000	domain	160000
chr3	1920	76760000	1934	77360000	domain	600000
chr3	1935	77360000	1950	78000000	domain	640000
chr3	1951	78000000	1956	78240000	domain	240000
chr3	1957	78240000	1966	78640000	domain	400000
chr3	1967	78640000	1976	79040000	domain	400000
chr3	1977	79040000	1988	79520000	domain	480000
chr3	1989	79520000	1996	79840000	domain	320000
chr3	1997	79840000	2005	80200000	domain	360000
chr3	2006	80200000	2026	81040000	domain	840000
chr3	2027	81040000	2027	81080000	gap	40000
chr3	2028	81080000	2033	81320000	domain	240000
chr3	2034	81320000	2037	81480000	domain	160000
chr3	2038	81480000	2054	82160000	domain	680000
chr3	2055	82160000	2064	82560000	domain	400000
chr3	2065	82560000	2068	82720000	domain	160000
chr3	2069	82720000	2072	82880000	domain	160000
chr3	2073	82880000	2075	83000000	domain	120000
chr3	2076	83000000	2081	83240000	domain	240000
chr3	2082	83240000	2091	83640000	domain	400000
chr3	2092	83640000	2097	83880000	domain	240000
chr3	2098	83880000	2100	84000000	domain	120000
chr3	2101	84000000	2104	84160000	domain	160000
chr3	2105	84160000	2108	84320000	domain	160000
chr3	2109	84320000	2113	84520000	domain	200000
chr3	2114	84520000	2119	84760000	domain	240000
chr3	2120	84760000	2127	85080000	domain	320000
chr3	2128	85080000	2136	85440000	domain	360000
chr3	2137	85440000	2142	85680000	domain	240000
chr3	2143	85680000	2157	86280000	domain	600000
chr3	2158	86280000	2165	86600000	domain	320000
chr3	2166	86600000	2169	86760000	domain	160000
chr3	2170	86760000	2174	86960000	domain	200000
chr3	2175	86960000	2181	87240000	domain	280000
chr3	2182	87240000	2188	87520000	domain	280000
chr3	2189	87520000	2200	88000000	domain	480000
chr3	2201	88000000	2205	88200000	domain	200000
chr3	2206	88200000	2211	88440000	domain	240000
chr3	2212	88440000	2216	88640000	domain	200000
chr3	2217	88640000	2222	88880000	domain	240000
chr3	2223	88880000	2228	89120000	domain	240000
chr3	2229	89120000	2237	89480000	domain	360000
chr3	2238	89480000	2241	89640000	domain	160000
chr3	2242	89640000	2246	89840000	domain	200000
chr3	2247	89840000	2253	90120000	domain	280000
chr3	2254	90120000	2257	90280000	domain	160000
chr3	2258	90280000	2345	93800000	gap	3520000
chr3	2346	93800000	2349	93960000	domain	160000
chr3	2350	93960000	2353	94120000	domain	160000
chr3	2354	94120000	2358	94320000	domain	200000
chr3	2359	94320000	2394	95760000	domain	1440000
chr3	2395	95760000	2397	95880000	domain	120000
chr3	2398	95880000	2407	96280000	domain	400000
chr3	2408	96280000	2421	96840000	domain	560000
chr3	2422	96840000	2444	97760000	domain	920000
chr3	2445	97760000	2451	98040000	domain	280000
chr3	2452	98040000	2459	98360000	domain	320000
chr3	2460	98360000	2465	98600000	domain	240000
chr3	2466	98600000	2471	98840000	domain	240000
chr3	2472	98840000	2475	99000000	domain	160000
chr3	2476	99000000	2481	99240000	domain	240000
chr3	2482	99240000	2487	99480000	domain	240000
chr3	2488	99480000	2495	99800000	domain	320000
chr3	2496	99800000	2507	100280000	domain	480000
chr3	2508	100280000	2530	101200000	domain	920000
chr3	2531	101200000	2539	101560000	domain	360000
chr3	2540	101560000	2542	101680000	domain	120000
chr3	2543	101680000	2545	101800000	domain	120000
chr3	2546	101800000	2556	102240000	domain	440000
chr3	2557	102240000	2581	103240000	domain	1000000
chr3	2582	103240000	2590	103600000	domain	360000
chr3	2591	103600000	2595	103800000	domain	200000
chr3	2596	103800000	2602	104080000	domain	280000
chr3	2603	104080000	2614	104560000	domain	480000
chr3	2615	104560000	2634	105360000	domain	800000
chr3	2635	105360000	2647	105880000	domain	520000
chr3	2648	105880000	2666	106640000	domain	760000
chr3	2667	106640000	2680	107200000	domain	560000
chr3	2681	107200000	2686	107440000	domain	240000
chr3	2687	107440000	2698	107920000	domain	480000
chr3	2699	107920000	2712	108480000	domain	560000
chr3	2713	108480000	2723	108920000	domain	440000
chr3	2724	108920000	2725	109000000	boundary	80000
chr3	2726	109000000	2738	109520000	domain	520000
chr3	2739	109520000	2743	109720000	domain	200000
chr3	2744	109720000	2757	110280000	domain	560000
chr3	2758	110280000	2789	111560000	domain	1280000
chr3	2790	111560000	2793	111720000	domain	160000
chr3	2794	111720000	2803	112120000	domain	400000
chr3	2804	112120000	2814	112560000	domain	440000
chr3	2815	112560000	2825	113000000	domain	440000
chr3	2826	113000000	2833	113320000	domain	320000
chr3	2834	113320000	2837	113480000	domain	160000
chr3	2838	113480000	2844	113760000	domain	280000
chr3	2845	113760000	2849	113960000	domain	200000
chr3	2850	113960000	2859	114360000	domain	400000
chr3	2860	114360000	2880	115200000	domain	840000
chr3	2881	115200000	2895	115800000	domain	600000
chr3	2896	115800000	2903	116120000	domain	320000
chr3	2904	116120000	2914	116560000	domain	440000
chr3	2915	116560000	2919	116760000	domain	200000
chr3	2920	116760000	2925	117000000	domain	240000
chr3	2926	117000000	2943	117720000	domain	720000
chr3	2944	117720000	2951	118040000	domain	320000
chr3	2952	118040000	2958	118320000	domain	280000
chr3	2959	118320000	2971	118840000	domain	520000
chr3	2972	118840000	2978	119120000	domain	280000
chr3	2979	119120000	2987	119480000	domain	360000
chr3	2988	119480000	2993	119720000	domain	240000
chr3	2994	119720000	3006	120240000	domain	520000
chr3	3007	120240000	3014	120560000	domain	320000
chr3	3015	120560000	3038	121520000	domain	960000
chr3	3039	121520000	3059	122360000	domain	840000
chr3	3060	122360000	3077	123080000	domain	720000
chr3	3078	123080000	3090	123600000	domain	520000
chr3	3091	123600000	3114	124560000	domain	960000
chr3	3115	124560000	3118	124720000	domain	160000
chr3	3119	124720000	3123	124920000	domain	200000
chr3	3124	124920000	3130	125200000	domain	280000
chr3	3131	125200000	3136	125440000	domain	240000
chr3	3137	125440000	3140	125600000	domain	160000
chr3	3141	125600000	3144	125760000	domain	160000
chr3	3145	125760000	3149	125960000	gap	200000
chr3	3150	125960000	3153	126120000	domain	160000
chr3	3154	126120000	3162	126480000	domain	360000
chr3	3163	126480000	3175	127000000	domain	520000
chr3	3176	127000000	3189	127560000	domain	560000
chr3	3190	127560000	3196	127840000	domain	280000
chr3	3197	127840000	3201	128040000	domain	200000
chr3	3202	128040000	3215	128600000	domain	560000
chr3	3216	128600000	3224	128960000	domain	360000
chr3	3225	128960000	3228	129120000	domain	160000
chr3	3229	129120000	3236	129440000	domain	320000
chr3	3237	129440000	3241	129640000	domain	200000
chr3	3242	129640000	3250	130000000	domain	360000
chr3	3251	130000000	3255	130200000	gap	200000
chr3	3256	130200000	3276	131040000	domain	840000
chr3	3277	131040000	3295	131800000	domain	760000
chr3	3296	131800000	3301	132040000	domain	240000
chr3	3302	132040000	3305	132200000	domain	160000
chr3	3306	132200000	3310	132400000	domain	200000
chr3	3311	132400000	3318	132720000	domain	320000
chr3	3319	132720000	3336	133440000	domain	720000
chr3	3337	133440000	3341	133640000	domain	200000
chr3	3342	133640000	3345	133800000	domain	160000
chr3	3346	133800000	3348	133920000	domain	120000
chr3	3349	133920000	3355	134200000	domain	280000
chr3	3356	134200000	3363	134520000	domain	320000
chr3	3364	134520000	3381	135240000	domain	720000
chr3	3382	135240000	3388	135520000	domain	280000
chr3	3389	135520000	3398	135920000	domain	400000
chr3	3399	135920000	3402	136080000	domain	160000
chr3	3403	136080000	3419	136760000	domain	680000
chr3	3420	136760000	3426	137040000	domain	280000
chr3	3427	137040000	3437	137480000	domain	440000
chr3	3438	137480000	3442	137680000	domain	200000
chr3	3443	137680000	3450	138000000	domain	320000
chr3	3451	138000000	3465	138600000	domain	600000
chr3	3466	138600000	3473	138920000	domain	320000
chr3	3474	138920000	3485	139400000	domain	480000
chr3	3486	139400000	3498	139920000	domain	520000
chr3	3499	139920000	3502	140080000	domain	160000
chr3	3503	140080000	3514	140560000	domain	480000
chr3	3515	140560000	3522	140880000	domain	320000
chr3	3523	140880000	3531	141240000	domain	360000
chr3	3532	141240000	3549	141960000	domain	720000
chr3	3550	141960000	3553	142120000	domain	160000
chr3	3554	142120000	3564	142560000	domain	440000
chr3	3565	142560000	3570	142800000	domain	240000
chr3	3571	142800000	3575	143000000	domain	200000
chr3	3576	143000000	3599	143960000	domain	960000
chr3	3600	143960000	3618	144720000	domain	760000
chr3	3619	144720000	3621	144840000	domain	120000
chr3	3622	144840000	3643	145720000	domain	880000
chr3	3644	145720000	3651	146040000	domain	320000
chr3	3652	146040000	3655	146200000	domain	160000
chr3	3656	146200000	3667	146680000	domain	480000
chr3	3668	146680000	3695	147800000	domain	1120000
chr3	3696	147800000	3709	148360000	domain	560000
chr3	3710	148360000	3718	148720000	domain	360000
chr3	3719	148720000	3724	148960000	domain	240000
chr3	3725	148960000	3728	149120000	domain	160000
chr3	3729	149120000	3732	149280000	domain	160000
chr3	3733	149280000	3738	149520000	domain	240000
chr3	3739	149520000	3746	149840000	domain	320000
chr3	3747	149840000	3749	149960000	domain	120000
chr3	3750	149960000	3755	150200000	domain	240000
chr3	3756	150200000	3763	150520000	domain	320000
chr3	3764	150520000	3779	151160000	domain	640000
chr3	3780	151160000	3786	151440000	domain	280000
chr3	3787	151440000	3812	152480000	domain	1040000
chr3	3813	152480000	3825	153000000	domain	520000
chr3	3826	153000000	3844	153760000	domain	760000
chr3	3845	153760000	3858	154320000	domain	560000
chr3	3859	154320000	3869	154760000	domain	440000
chr3	3870	154760000	3883	155320000	domain	560000
chr3	3884	155320000	3893	155720000	domain	400000
chr3	3894	155720000	3899	155960000	domain	240000
chr3	3900	155960000	3904	156160000	domain	200000
chr3	3905	156160000	3913	156520000	domain	360000
chr3	3914	156520000	3917	156680000	domain	160000
chr3	3918	156680000	3927	157080000	domain	400000
chr3	3928	157080000	3929	157160000	boundary	80000
chr3	3930	157160000	3938	157520000	domain	360000
chr3	3939	157520000	3940	157600000	boundary	80000
chr3	3941	157600000	3952	158080000	domain	480000
chr3	3953	158080000	3966	158640000	domain	560000
chr3	3967	158640000	3970	158800000	domain	160000
chr3	3971	158800000	3982	159280000	domain	480000
chr3	3983	159280000	3995	159800000	domain	520000
chr3	3996	159800000	4001	160040000	domain	240000
chr3	4002	160040000	4011	160440000	domain	400000
chr3	4012	160440000	4024	160960000	domain	520000
chr3	4025	160960000	4031	161240000	domain	280000
chr3	4032	161240000	4036	161440000	domain	200000
chr3	4037	161440000	4046	161840000	domain	400000
chr3	4047	161840000	4055	162200000	domain	360000
chr3	4056	162200000	4057	162280000	domain	80000
chr3	4058	162280000	4070	162800000	domain	520000
chr3	4071	162800000	4071	162840000	gap	40000
chr3	4072	162840000	4081	163240000	domain	400000
chr3	4082	163240000	4087	163480000	domain	240000
chr3	4088	163480000	4092	163680000	domain	200000
chr3	4093	163680000	4096	163840000	domain	160000
chr3	4097	163840000	4106	164240000	domain	400000
chr3	4107	164240000	4124	164960000	domain	720000
chr3	4125	164960000	4130	165200000	domain	240000
chr3	4131	165200000	4146	165840000	domain	640000
chr3	4147	165840000	4168	166720000	domain	880000
chr3	4169	166720000	4176	167040000	domain	320000
chr3	4177	167040000	4185	167400000	domain	360000
chr3	4186	167400000	4192	167680000	domain	280000
chr3	4193	167680000	4197	167880000	domain	200000
chr3	4198	167880000	4201	168040000	domain	160000
chr3	4202	168040000	4205	168200000	domain	160000
chr3	4206	168200000	4217	168680000	domain	480000
chr3	4218	168680000	4221	168840000	domain	160000
chr3	4222	168840000	4228	169120000	domain	280000
chr3	4229	169120000	4244	169760000	domain	640000
chr3	4245	169760000	4261	170440000	domain	680000
chr3	4262	170440000	4272	170880000	domain	440000
chr3	4273	170880000	4280	171200000	domain	320000
chr3	4281	171200000	4290	171600000	domain	400000
chr3	4291	171600000	4296	171840000	domain	240000
chr3	4297	171840000	4301	172040000	domain	200000
chr3	4302	172040000	4309	172360000	domain	320000
chr3	4310	172360000	4312	172480000	domain	120000
chr3	4313	172480000	4319	172760000	domain	280000
chr3	4320	172760000	4333	173320000	domain	560000
chr3	4334	173320000	4339	173560000	domain	240000
chr3	4340	173560000	4360	174400000	domain	840000
chr3	4361	174400000	4411	176440000	domain	2040000
chr3	4412	176440000	4424	176960000	domain	520000
chr3	4425	176960000	4430	177200000	domain	240000
chr3	4431	177200000	4434	177360000	domain	160000
chr3	4435	177360000	4460	178400000	domain	1040000
chr3	4461	178400000	4474	178960000	domain	560000
chr3	4475	178960000	4483	179320000	domain	360000
chr3	4484	179320000	4489	179560000	domain	240000
chr3	4490	179560000	4495	179800000	domain	240000
chr3	4496	179800000	4499	179960000	domain	160000
chr3	4500	179960000	4515	180600000	domain	640000
chr3	4516	180600000	4530	181200000	domain	600000
chr3	4531	181200000	4543	181720000	domain	520000
chr3	4544	181720000	4556	182240000	domain	520000
chr3	4557	182240000	4563	182520000	domain	280000
chr3	4564	182520000	4567	182680000	domain	160000
chr3	4568	182680000	4578	183120000	domain	440000
chr3	4579	183120000	4586	183440000	domain	320000
chr3	4587	183440000	4597	183880000	domain	440000
chr3	4598	183880000	4609	184360000	domain	480000
chr3	4610	184360000	4614	184560000	domain	200000
chr3	4615	184560000	4621	184840000	domain	280000
chr3	4622	184840000	4641	185640000	domain	800000
chr3	4642	185640000	4649	185960000	domain	320000
chr3	4650	185960000	4656	186240000	domain	280000
chr3	4657	186240000	4664	186560000	domain	320000
chr3	4665	186560000	4671	186840000	domain	280000
chr3	4672	186840000	4679	187160000	domain	320000
chr3	4680	187160000	4693	187720000	domain	560000
chr3	4694	187720000	4701	188040000	domain	320000
chr3	4702	188040000	4724	188960000	domain	920000
chr3	4725	188960000	4731	189240000	domain	280000
chr3	4732	189240000	4749	189960000	domain	720000
chr3	4750	189960000	4755	190200000	domain	240000
chr3	4756	190200000	4761	190440000	domain	240000
chr3	4762	190440000	4767	190680000	domain	240000
chr3	4768	190680000	4778	191120000	domain	440000
chr3	4779	191120000	4786	191440000	domain	320000
chr3	4787	191440000	4794	191760000	domain	320000
chr3	4795	191760000	4804	192160000	domain	400000
chr3	4805	192160000	4811	192440000	domain	280000
chr3	4812	192440000	4820	192800000	domain	360000
chr3	4821	192800000	4827	193080000	domain	280000
chr3	4828	193080000	4836	193440000	domain	360000
chr3	4837	193440000	4840	193600000	domain	160000
chr3	4841	193600000	4853	194120000	domain	520000
chr3	4854	194120000	4858	194320000	domain	200000
chr3	4859	194320000	4867	194680000	domain	360000
chr3	4868	194680000	4878	195120000	domain	440000
chr3	4879	195120000	4882	195280000	domain	160000
chr3	4883	195280000	4887	195480000	domain	200000
chr3	4888	195480000	4895	195800000	gap	320000
chr3	4896	195800000	4899	195960000	domain	160000
chr3	4900	195960000	4900	196000000	gap	40000
chr3	4901	196000000	4905	196200000	domain	200000
chr3	4906	196200000	4913	196520000	domain	320000
chr3	4914	196520000	4918	196720000	domain	200000
chr3	4919	196720000	4924	196960000	domain	240000
chr3	4925	196960000	4930	197200000	domain	240000
chr3	4931	197200000	4941	197640000	domain	440000
chr3	4942	197640000	4942	197680000	gap	40000
chr3	4943	197680000	4949	197960000	domain	280000
chr3	4950	197960000	4953	198120000	domain	160000
chr3	4954	198120000	4955	198200000	gap	80000
