chr	from.id	from.coord	to.id	to.coord	tag	size
chr9	1	0	5	200000	gap	200000
chr9	6	200000	9	360000	domain	160000
chr9	10	360000	15	600000	domain	240000
chr9	16	600000	20	800000	domain	200000
chr9	21	800000	26	1040000	domain	240000
chr9	27	1040000	40	1600000	domain	560000
chr9	41	1600000	53	2120000	domain	520000
chr9	54	2120000	71	2840000	domain	720000
chr9	72	2840000	93	3720000	domain	880000
chr9	94	3720000	110	4400000	domain	680000
chr9	111	4400000	119	4760000	domain	360000
chr9	120	4760000	125	5000000	domain	240000
chr9	126	5000000	136	5440000	domain	440000
chr9	137	5440000	141	5640000	domain	200000
chr9	142	5640000	152	6080000	domain	440000
chr9	153	6080000	158	6320000	domain	240000
chr9	159	6320000	164	6560000	domain	240000
chr9	165	6560000	169	6760000	domain	200000
chr9	170	6760000	177	7080000	domain	320000
chr9	178	7080000	189	7560000	domain	480000
chr9	190	7560000	216	8640000	domain	1080000
chr9	217	8640000	222	8880000	domain	240000
chr9	223	8880000	226	9040000	domain	160000
chr9	227	9040000	233	9320000	domain	280000
chr9	234	9320000	239	9560000	domain	240000
chr9	240	9560000	246	9840000	domain	280000
chr9	247	9840000	248	9920000	boundary	80000
chr9	249	9920000	253	10120000	domain	200000
chr9	254	10120000	260	10400000	domain	280000
chr9	261	10400000	265	10600000	domain	200000
chr9	266	10600000	273	10920000	domain	320000
chr9	274	10920000	289	11560000	domain	640000
chr9	290	11560000	294	11760000	domain	200000
chr9	295	11760000	299	11960000	domain	200000
chr9	300	11960000	304	12160000	domain	200000
chr9	305	12160000	311	12440000	domain	280000
chr9	312	12440000	318	12720000	domain	280000
chr9	319	12720000	326	13040000	domain	320000
chr9	327	13040000	333	13320000	domain	280000
chr9	334	13320000	336	13440000	domain	120000
chr9	337	13440000	361	14440000	domain	1000000
chr9	362	14440000	379	15160000	domain	720000
chr9	380	15160000	391	15640000	domain	480000
chr9	392	15640000	395	15800000	domain	160000
chr9	396	15800000	404	16160000	domain	360000
chr9	405	16160000	438	17520000	domain	1360000
chr9	439	17520000	445	17800000	domain	280000
chr9	446	17800000	456	18240000	domain	440000
chr9	457	18240000	476	19040000	domain	800000
chr9	477	19040000	487	19480000	domain	440000
chr9	488	19480000	498	19920000	domain	440000
chr9	499	19920000	509	20360000	domain	440000
chr9	510	20360000	516	20640000	domain	280000
chr9	517	20640000	524	20960000	domain	320000
chr9	525	20960000	529	21160000	domain	200000
chr9	530	21160000	531	21240000	gap	80000
chr9	532	21240000	545	21800000	domain	560000
chr9	546	21800000	556	22240000	domain	440000
chr9	557	22240000	562	22480000	domain	240000
chr9	563	22480000	570	22800000	domain	320000
chr9	571	22800000	577	23080000	domain	280000
chr9	578	23080000	596	23840000	domain	760000
chr9	597	23840000	602	24080000	domain	240000
chr9	603	24080000	631	25240000	domain	1160000
chr9	632	25240000	643	25720000	domain	480000
chr9	644	25720000	649	25960000	domain	240000
chr9	650	25960000	658	26320000	domain	360000
chr9	659	26320000	667	26680000	domain	360000
chr9	668	26680000	672	26880000	domain	200000
chr9	673	26880000	675	27000000	domain	120000
chr9	676	27000000	683	27320000	domain	320000
chr9	684	27320000	689	27560000	domain	240000
chr9	690	27560000	693	27720000	domain	160000
chr9	694	27720000	702	28080000	domain	360000
chr9	703	28080000	725	29000000	domain	920000
chr9	726	29000000	730	29200000	domain	200000
chr9	731	29200000	740	29600000	domain	400000
chr9	741	29600000	761	30440000	domain	840000
chr9	762	30440000	764	30560000	domain	120000
chr9	765	30560000	773	30920000	domain	360000
chr9	774	30920000	780	31200000	domain	280000
chr9	781	31200000	795	31800000	domain	600000
chr9	796	31800000	809	32360000	domain	560000
chr9	810	32360000	815	32600000	domain	240000
chr9	816	32600000	826	33040000	domain	440000
chr9	827	33040000	831	33240000	domain	200000
chr9	832	33240000	838	33520000	domain	280000
chr9	839	33520000	840	33600000	gap	80000
chr9	841	33600000	844	33760000	domain	160000
chr9	845	33760000	852	34080000	domain	320000
chr9	853	34080000	867	34680000	domain	600000
chr9	868	34680000	878	35120000	domain	440000
chr9	879	35120000	887	35480000	domain	360000
chr9	888	35480000	890	35600000	domain	120000
chr9	891	35600000	894	35760000	domain	160000
chr9	895	35760000	905	36200000	domain	440000
chr9	906	36200000	910	36400000	domain	200000
chr9	911	36400000	914	36560000	domain	160000
chr9	915	36560000	925	37000000	domain	440000
chr9	926	37000000	936	37440000	domain	440000
chr9	937	37440000	944	37760000	domain	320000
chr9	945	37760000	947	37880000	domain	120000
chr9	948	37880000	952	38080000	domain	200000
chr9	953	38080000	964	38560000	domain	480000
chr9	965	38560000	1710	68400000	gap	29840000
chr9	1711	68400000	1714	68560000	domain	160000
chr9	1715	68560000	1726	69040000	domain	480000
chr9	1727	69040000	1748	69920000	domain	880000
chr9	1749	69920000	1756	70240000	domain	320000
chr9	1757	70240000	1767	70680000	domain	440000
chr9	1768	70680000	1769	70760000	gap	80000
chr9	1770	70760000	1773	70920000	domain	160000
chr9	1774	70920000	1782	71280000	domain	360000
chr9	1783	71280000	1795	71800000	domain	520000
chr9	1796	71800000	1801	72040000	domain	240000
chr9	1802	72040000	1807	72280000	domain	240000
chr9	1808	72280000	1815	72600000	domain	320000
chr9	1816	72600000	1821	72840000	domain	240000
chr9	1822	72840000	1826	73040000	domain	200000
chr9	1827	73040000	1830	73200000	domain	160000
chr9	1831	73200000	1864	74560000	domain	1360000
chr9	1865	74560000	1869	74760000	domain	200000
chr9	1870	74760000	1879	75160000	domain	400000
chr9	1880	75160000	1897	75880000	domain	720000
chr9	1898	75880000	1910	76400000	domain	520000
chr9	1911	76400000	1918	76720000	domain	320000
chr9	1919	76720000	1925	77000000	domain	280000
chr9	1926	77000000	1929	77160000	domain	160000
chr9	1930	77160000	1935	77400000	domain	240000
chr9	1936	77400000	1951	78040000	domain	640000
chr9	1952	78040000	1956	78240000	domain	200000
chr9	1957	78240000	1961	78440000	domain	200000
chr9	1962	78440000	1965	78600000	domain	160000
chr9	1966	78600000	1978	79120000	domain	520000
chr9	1979	79120000	1994	79760000	domain	640000
chr9	1995	79760000	2004	80160000	domain	400000
chr9	2005	80160000	2015	80600000	domain	440000
chr9	2016	80600000	2042	81680000	domain	1080000
chr9	2043	81680000	2048	81920000	domain	240000
chr9	2049	81920000	2049	81960000	gap	40000
chr9	2050	81960000	2074	82960000	domain	1000000
chr9	2075	82960000	2079	83160000	domain	200000
chr9	2080	83160000	2090	83600000	domain	440000
chr9	2091	83600000	2096	83840000	domain	240000
chr9	2097	83840000	2098	83920000	gap	80000
chr9	2099	83920000	2109	84360000	domain	440000
chr9	2110	84360000	2116	84640000	domain	280000
chr9	2117	84640000	2129	85160000	domain	520000
chr9	2130	85160000	2144	85760000	domain	600000
chr9	2145	85760000	2146	85840000	gap	80000
chr9	2147	85840000	2159	86360000	domain	520000
chr9	2160	86360000	2183	87320000	domain	960000
chr9	2184	87320000	2192	87680000	domain	360000
chr9	2193	87680000	2198	87920000	domain	240000
chr9	2199	87920000	2199	87960000	gap	40000
chr9	2200	87960000	2203	88120000	domain	160000
chr9	2204	88120000	2204	88160000	gap	40000
chr9	2205	88160000	2209	88360000	domain	200000
chr9	2210	88360000	2215	88600000	domain	240000
chr9	2216	88600000	2226	89040000	domain	440000
chr9	2227	89040000	2233	89320000	domain	280000
chr9	2234	89320000	2240	89600000	domain	280000
chr9	2241	89600000	2253	90120000	domain	520000
chr9	2254	90120000	2266	90640000	domain	520000
chr9	2267	90640000	2272	90880000	domain	240000
chr9	2273	90880000	2286	91440000	domain	560000
chr9	2287	91440000	2294	91760000	domain	320000
chr9	2295	91760000	2299	91960000	domain	200000
chr9	2300	91960000	2308	92320000	domain	360000
chr9	2309	92320000	2316	92640000	domain	320000
chr9	2317	92640000	2321	92840000	domain	200000
chr9	2322	92840000	2328	93120000	domain	280000
chr9	2329	93120000	2333	93320000	domain	200000
chr9	2334	93320000	2340	93600000	domain	280000
chr9	2341	93600000	2342	93680000	boundary	80000
chr9	2343	93680000	2350	94000000	domain	320000
chr9	2351	94000000	2358	94320000	domain	320000
chr9	2359	94320000	2361	94440000	gap	120000
chr9	2362	94440000	2367	94680000	domain	240000
chr9	2368	94680000	2379	95160000	domain	480000
chr9	2380	95160000	2383	95320000	domain	160000
chr9	2384	95320000	2406	96240000	domain	920000
chr9	2407	96240000	2417	96680000	domain	440000
chr9	2418	96680000	2422	96880000	domain	200000
chr9	2423	96880000	2431	97240000	gap	360000
chr9	2432	97240000	2435	97400000	domain	160000
chr9	2436	97400000	2442	97680000	domain	280000
chr9	2443	97680000	2448	97920000	domain	240000
chr9	2449	97920000	2457	98280000	domain	360000
chr9	2458	98280000	2470	98800000	domain	520000
chr9	2471	98800000	2479	99160000	domain	360000
chr9	2480	99160000	2495	99800000	domain	640000
chr9	2496	99800000	2515	100600000	domain	800000
chr9	2516	100600000	2535	101400000	domain	800000
chr9	2536	101400000	2540	101600000	domain	200000
chr9	2541	101600000	2571	102840000	domain	1240000
chr9	2572	102840000	2604	104160000	domain	1320000
chr9	2605	104160000	2610	104400000	domain	240000
chr9	2611	104400000	2619	104760000	domain	360000
chr9	2620	104760000	2629	105160000	domain	400000
chr9	2630	105160000	2636	105440000	domain	280000
chr9	2637	105440000	2640	105600000	domain	160000
chr9	2641	105600000	2644	105760000	domain	160000
chr9	2645	105760000	2645	105800000	gap	40000
chr9	2646	105800000	2666	106640000	domain	840000
chr9	2667	106640000	2671	106840000	domain	200000
chr9	2672	106840000	2679	107160000	domain	320000
chr9	2680	107160000	2687	107480000	domain	320000
chr9	2688	107480000	2707	108280000	domain	800000
chr9	2708	108280000	2721	108840000	domain	560000
chr9	2722	108840000	2729	109160000	domain	320000
chr9	2730	109160000	2738	109520000	domain	360000
chr9	2739	109520000	2746	109840000	domain	320000
chr9	2747	109840000	2754	110160000	domain	320000
chr9	2755	110160000	2766	110640000	domain	480000
chr9	2767	110640000	2783	111320000	domain	680000
chr9	2784	111320000	2790	111600000	domain	280000
chr9	2791	111600000	2793	111720000	domain	120000
chr9	2794	111720000	2802	112080000	domain	360000
chr9	2803	112080000	2818	112720000	domain	640000
chr9	2819	112720000	2826	113040000	domain	320000
chr9	2827	113040000	2828	113120000	gap	80000
chr9	2829	113120000	2836	113440000	domain	320000
chr9	2837	113440000	2842	113680000	domain	240000
chr9	2843	113680000	2852	114080000	domain	400000
chr9	2853	114080000	2858	114320000	domain	240000
chr9	2859	114320000	2860	114400000	boundary	80000
chr9	2861	114400000	2867	114680000	domain	280000
chr9	2868	114680000	2876	115040000	domain	360000
chr9	2877	115040000	2889	115560000	domain	520000
chr9	2890	115560000	2904	116160000	domain	600000
chr9	2905	116160000	2917	116680000	domain	520000
chr9	2918	116680000	2937	117480000	domain	800000
chr9	2938	117480000	2945	117800000	domain	320000
chr9	2946	117800000	2965	118600000	domain	800000
chr9	2966	118600000	2971	118840000	domain	240000
chr9	2972	118840000	2984	119360000	domain	520000
chr9	2985	119360000	3000	120000000	domain	640000
chr9	3001	120000000	3008	120320000	domain	320000
chr9	3009	120320000	3014	120560000	domain	240000
chr9	3015	120560000	3018	120720000	domain	160000
chr9	3019	120720000	3030	121200000	domain	480000
chr9	3031	121200000	3036	121440000	domain	240000
chr9	3037	121440000	3052	122080000	domain	640000
chr9	3053	122080000	3059	122360000	domain	280000
chr9	3060	122360000	3062	122480000	domain	120000
chr9	3063	122480000	3070	122800000	domain	320000
chr9	3071	122800000	3076	123040000	domain	240000
chr9	3077	123040000	3085	123400000	domain	360000
chr9	3086	123400000	3102	124080000	domain	680000
chr9	3103	124080000	3110	124400000	domain	320000
chr9	3111	124400000	3114	124560000	domain	160000
chr9	3115	124560000	3119	124760000	domain	200000
chr9	3120	124760000	3129	125160000	domain	400000
chr9	3130	125160000	3135	125400000	domain	240000
chr9	3136	125400000	3157	126280000	domain	880000
chr9	3158	126280000	3162	126480000	domain	200000
chr9	3163	126480000	3171	126840000	domain	360000
chr9	3172	126840000	3180	127200000	domain	360000
chr9	3181	127200000	3186	127440000	domain	240000
chr9	3187	127440000	3198	127920000	domain	480000
chr9	3199	127920000	3204	128160000	domain	240000
chr9	3205	128160000	3228	129120000	domain	960000
chr9	3229	129120000	3241	129640000	domain	520000
chr9	3242	129640000	3246	129840000	domain	200000
chr9	3247	129840000	3252	130080000	domain	240000
chr9	3253	130080000	3261	130440000	domain	360000
chr9	3262	130440000	3267	130680000	domain	240000
chr9	3268	130680000	3278	131120000	domain	440000
chr9	3279	131120000	3283	131320000	domain	200000
chr9	3284	131320000	3289	131560000	domain	240000
chr9	3290	131560000	3294	131760000	domain	200000
chr9	3295	131760000	3307	132280000	domain	520000
chr9	3308	132280000	3310	132400000	domain	120000
chr9	3311	132400000	3321	132840000	domain	440000
chr9	3322	132840000	3324	132960000	domain	120000
chr9	3325	132960000	3329	133160000	domain	200000
chr9	3330	133160000	3333	133320000	domain	160000
chr9	3334	133320000	3338	133520000	domain	200000
chr9	3339	133520000	3344	133760000	domain	240000
chr9	3345	133760000	3350	134000000	domain	240000
chr9	3351	134000000	3354	134160000	domain	160000
chr9	3355	134160000	3362	134480000	domain	320000
chr9	3363	134480000	3366	134640000	domain	160000
chr9	3367	134640000	3376	135040000	domain	400000
chr9	3377	135040000	3388	135520000	domain	480000
chr9	3389	135520000	3396	135840000	domain	320000
chr9	3397	135840000	3399	135960000	domain	120000
chr9	3400	135960000	3403	136120000	domain	160000
chr9	3404	136120000	3408	136320000	domain	200000
chr9	3409	136320000	3412	136480000	domain	160000
chr9	3413	136480000	3419	136760000	domain	280000
chr9	3420	136760000	3427	137080000	domain	320000
chr9	3428	137080000	3432	137280000	domain	200000
chr9	3433	137280000	3439	137560000	domain	280000
chr9	3440	137560000	3446	137840000	domain	280000
chr9	3447	137840000	3453	138120000	domain	280000
chr9	3454	138120000	3457	138280000	gap	160000
