chr	from.id	from.coord	to.id	to.coord	tag	size
chr11	1	80000	3	200000	gap	120000
chr11	4	200000	11	520000	domain	320000
chr11	12	520000	18	800000	domain	280000
chr11	19	800000	25	1080000	domain	280000
chr11	26	1080000	38	1600000	domain	520000
chr11	39	1600000	46	1920000	domain	320000
chr11	47	1920000	50	2080000	gap	160000
chr11	51	2080000	59	2440000	domain	360000
chr11	60	2440000	62	2560000	domain	120000
chr11	63	2560000	71	2920000	domain	360000
chr11	72	2920000	79	3240000	domain	320000
chr11	80	3240000	88	3600000	gap	360000
chr11	89	3600000	94	3840000	domain	240000
chr11	95	3840000	103	4200000	domain	360000
chr11	104	4200000	107	4360000	gap	160000
chr11	108	4360000	113	4600000	domain	240000
chr11	114	4600000	119	4840000	domain	240000
chr11	120	4840000	124	5040000	domain	200000
chr11	125	5040000	126	5120000	domain	80000
chr11	127	5120000	133	5400000	domain	280000
chr11	134	5400000	142	5760000	domain	360000
chr11	143	5760000	143	5800000	gap	40000
chr11	144	5800000	154	6240000	domain	440000
chr11	155	6240000	161	6520000	domain	280000
chr11	162	6520000	167	6760000	domain	240000
chr11	168	6760000	175	7080000	domain	320000
chr11	176	7080000	185	7480000	domain	400000
chr11	186	7480000	191	7720000	domain	240000
chr11	192	7720000	202	8160000	domain	440000
chr11	203	8160000	207	8360000	domain	200000
chr11	208	8360000	215	8680000	domain	320000
chr11	216	8680000	221	8920000	domain	240000
chr11	222	8920000	227	9160000	domain	240000
chr11	228	9160000	242	9760000	domain	600000
chr11	243	9760000	248	10000000	domain	240000
chr11	249	10000000	257	10360000	domain	360000
chr11	258	10360000	267	10760000	domain	400000
chr11	268	10760000	293	11800000	domain	1040000
chr11	294	11800000	299	12040000	domain	240000
chr11	300	12040000	306	12320000	domain	280000
chr11	307	12320000	322	12960000	domain	640000
chr11	323	12960000	327	13160000	domain	200000
chr11	328	13160000	354	14240000	domain	1080000
chr11	355	14240000	361	14520000	domain	280000
chr11	362	14520000	371	14920000	domain	400000
chr11	372	14920000	381	15320000	domain	400000
chr11	382	15320000	389	15640000	domain	320000
chr11	390	15640000	416	16720000	domain	1080000
chr11	417	16720000	425	17080000	domain	360000
chr11	426	17080000	432	17360000	domain	280000
chr11	433	17360000	437	17560000	domain	200000
chr11	438	17560000	441	17720000	domain	160000
chr11	442	17720000	448	18000000	domain	280000
chr11	449	18000000	451	18120000	domain	120000
chr11	452	18120000	455	18280000	domain	160000
chr11	456	18280000	461	18520000	domain	240000
chr11	462	18520000	474	19040000	domain	520000
chr11	475	19040000	480	19280000	domain	240000
chr11	481	19280000	487	19560000	domain	280000
chr11	488	19560000	492	19760000	domain	200000
chr11	493	19760000	496	19920000	domain	160000
chr11	497	19920000	502	20160000	domain	240000
chr11	503	20160000	507	20360000	domain	200000
chr11	508	20360000	515	20680000	domain	320000
chr11	516	20680000	524	21040000	domain	360000
chr11	525	21040000	540	21680000	domain	640000
chr11	541	21680000	552	22160000	domain	480000
chr11	553	22160000	556	22320000	domain	160000
chr11	557	22320000	569	22840000	domain	520000
chr11	570	22840000	577	23160000	domain	320000
chr11	578	23160000	578	23200000	gap	40000
chr11	579	23200000	616	24720000	domain	1520000
chr11	617	24720000	647	25960000	domain	1240000
chr11	648	25960000	655	26280000	domain	320000
chr11	656	26280000	665	26680000	domain	400000
chr11	666	26680000	677	27160000	domain	480000
chr11	678	27160000	686	27520000	domain	360000
chr11	687	27520000	690	27680000	domain	160000
chr11	691	27680000	698	28000000	domain	320000
chr11	699	28000000	732	29360000	domain	1360000
chr11	733	29360000	739	29640000	domain	280000
chr11	740	29640000	756	30320000	domain	680000
chr11	757	30320000	763	30600000	domain	280000
chr11	764	30600000	771	30920000	domain	320000
chr11	772	30920000	798	32000000	domain	1080000
chr11	799	32000000	803	32200000	domain	200000
chr11	804	32200000	805	32280000	domain	80000
chr11	806	32280000	818	32800000	domain	520000
chr11	819	32800000	826	33120000	domain	320000
chr11	827	33120000	832	33360000	domain	240000
chr11	833	33360000	840	33680000	domain	320000
chr11	841	33680000	848	34000000	domain	320000
chr11	849	34000000	852	34160000	domain	160000
chr11	853	34160000	857	34360000	domain	200000
chr11	858	34360000	861	34520000	domain	160000
chr11	862	34520000	871	34920000	domain	400000
chr11	872	34920000	883	35400000	domain	480000
chr11	884	35400000	888	35600000	domain	200000
chr11	889	35600000	893	35800000	domain	200000
chr11	894	35800000	905	36280000	domain	480000
chr11	906	36280000	911	36520000	domain	240000
chr11	912	36520000	922	36960000	domain	440000
chr11	923	36960000	936	37520000	domain	560000
chr11	937	37520000	940	37680000	domain	160000
chr11	941	37680000	945	37880000	domain	200000
chr11	946	37880000	969	38840000	domain	960000
chr11	970	38840000	977	39160000	domain	320000
chr11	978	39160000	982	39360000	domain	200000
chr11	983	39360000	1005	40280000	domain	920000
chr11	1006	40280000	1015	40680000	domain	400000
chr11	1016	40680000	1020	40880000	domain	200000
chr11	1021	40880000	1038	41600000	domain	720000
chr11	1039	41600000	1041	41720000	domain	120000
chr11	1042	41720000	1044	41840000	domain	120000
chr11	1045	41840000	1058	42400000	domain	560000
chr11	1059	42400000	1070	42880000	domain	480000
chr11	1071	42880000	1080	43280000	domain	400000
chr11	1081	43280000	1085	43480000	domain	200000
chr11	1086	43480000	1095	43880000	domain	400000
chr11	1096	43880000	1101	44120000	domain	240000
chr11	1102	44120000	1111	44520000	domain	400000
chr11	1112	44520000	1121	44920000	domain	400000
chr11	1122	44920000	1126	45120000	domain	200000
chr11	1127	45120000	1132	45360000	domain	240000
chr11	1133	45360000	1143	45800000	domain	440000
chr11	1144	45800000	1157	46360000	domain	560000
chr11	1158	46360000	1164	46640000	domain	280000
chr11	1165	46640000	1169	46840000	domain	200000
chr11	1170	46840000	1177	47160000	domain	320000
chr11	1178	47160000	1189	47640000	domain	480000
chr11	1190	47640000	1195	47880000	domain	240000
chr11	1196	47880000	1202	48160000	domain	280000
chr11	1203	48160000	1207	48360000	domain	200000
chr11	1208	48360000	1381	55320000	gap	6960000
chr11	1382	55320000	1386	55520000	domain	200000
chr11	1387	55520000	1390	55680000	domain	160000
chr11	1391	55680000	1391	55720000	gap	40000
chr11	1392	55720000	1395	55880000	domain	160000
chr11	1396	55880000	1398	56000000	domain	120000
chr11	1399	56000000	1407	56360000	domain	360000
chr11	1408	56360000	1411	56520000	domain	160000
chr11	1412	56520000	1418	56800000	domain	280000
chr11	1419	56800000	1426	57120000	domain	320000
chr11	1427	57120000	1430	57280000	domain	160000
chr11	1431	57280000	1440	57680000	domain	400000
chr11	1441	57680000	1444	57840000	domain	160000
chr11	1445	57840000	1462	58560000	domain	720000
chr11	1463	58560000	1475	59080000	domain	520000
chr11	1476	59080000	1477	59160000	domain	80000
chr11	1478	59160000	1486	59520000	domain	360000
chr11	1487	59520000	1504	60240000	domain	720000
chr11	1505	60240000	1514	60640000	domain	400000
chr11	1515	60640000	1521	60920000	domain	280000
chr11	1522	60920000	1528	61200000	domain	280000
chr11	1529	61200000	1529	61240000	gap	40000
chr11	1530	61240000	1534	61440000	domain	200000
chr11	1535	61440000	1539	61640000	domain	200000
chr11	1540	61640000	1542	61760000	domain	120000
chr11	1543	61760000	1551	62120000	domain	360000
chr11	1552	62120000	1557	62360000	domain	240000
chr11	1558	62360000	1562	62560000	domain	200000
chr11	1563	62560000	1570	62880000	domain	320000
chr11	1571	62880000	1574	63040000	domain	160000
chr11	1575	63040000	1584	63440000	domain	400000
chr11	1585	63440000	1589	63640000	domain	200000
chr11	1590	63640000	1597	63960000	domain	320000
chr11	1598	63960000	1602	64160000	domain	200000
chr11	1603	64160000	1606	64320000	domain	160000
chr11	1607	64320000	1617	64760000	domain	440000
chr11	1618	64760000	1626	65120000	domain	360000
chr11	1627	65120000	1632	65360000	domain	240000
chr11	1633	65360000	1636	65520000	domain	160000
chr11	1637	65520000	1649	66040000	domain	520000
chr11	1650	66040000	1655	66280000	domain	240000
chr11	1656	66280000	1665	66680000	domain	400000
chr11	1666	66680000	1669	66840000	domain	160000
chr11	1670	66840000	1674	67040000	domain	200000
chr11	1675	67040000	1679	67240000	domain	200000
chr11	1680	67240000	1683	67400000	domain	160000
chr11	1684	67400000	1686	67520000	domain	120000
chr11	1687	67520000	1691	67720000	domain	200000
chr11	1692	67720000	1698	68000000	gap	280000
chr11	1699	68000000	1703	68200000	domain	200000
chr11	1704	68200000	1709	68440000	domain	240000
chr11	1710	68440000	1713	68600000	domain	160000
chr11	1714	68600000	1718	68800000	domain	200000
chr11	1719	68800000	1725	69080000	domain	280000
chr11	1726	69080000	1740	69680000	domain	600000
chr11	1741	69680000	1745	69880000	domain	200000
chr11	1746	69880000	1753	70200000	domain	320000
chr11	1754	70200000	1759	70440000	domain	240000
chr11	1760	70440000	1767	70760000	domain	320000
chr11	1768	70760000	1772	70960000	domain	200000
chr11	1773	70960000	1775	71080000	gap	120000
chr11	1776	71080000	1788	71600000	domain	520000
chr11	1789	71600000	1795	71880000	gap	280000
chr11	1796	71880000	1802	72160000	domain	280000
chr11	1803	72160000	1809	72440000	domain	280000
chr11	1810	72440000	1816	72720000	domain	280000
chr11	1817	72720000	1819	72840000	domain	120000
chr11	1820	72840000	1827	73160000	domain	320000
chr11	1828	73160000	1833	73400000	domain	240000
chr11	1834	73400000	1863	74600000	domain	1200000
chr11	1864	74600000	1880	75280000	domain	680000
chr11	1881	75280000	1883	75400000	domain	120000
chr11	1884	75400000	1902	76160000	domain	760000
chr11	1903	76160000	1907	76360000	domain	200000
chr11	1908	76360000	1916	76720000	domain	360000
chr11	1917	76720000	1928	77200000	domain	480000
chr11	1929	77200000	1938	77600000	domain	400000
chr11	1939	77600000	1946	77920000	domain	320000
chr11	1947	77920000	1947	77960000	gap	40000
chr11	1948	77960000	1953	78200000	domain	240000
chr11	1954	78200000	1958	78400000	domain	200000
chr11	1959	78400000	1963	78600000	domain	200000
chr11	1964	78600000	1991	79720000	domain	1120000
chr11	1992	79720000	2002	80160000	domain	440000
chr11	2003	80160000	2023	81000000	domain	840000
chr11	2024	81000000	2030	81280000	domain	280000
chr11	2031	81280000	2065	82680000	domain	1400000
chr11	2066	82680000	2070	82880000	domain	200000
chr11	2071	82880000	2080	83280000	domain	400000
chr11	2081	83280000	2094	83840000	domain	560000
chr11	2095	83840000	2102	84160000	domain	320000
chr11	2103	84160000	2106	84320000	domain	160000
chr11	2107	84320000	2112	84560000	domain	240000
chr11	2113	84560000	2118	84800000	domain	240000
chr11	2119	84800000	2138	85600000	domain	800000
chr11	2139	85600000	2144	85840000	domain	240000
chr11	2145	85840000	2169	86840000	domain	1000000
chr11	2170	86840000	2181	87320000	domain	480000
chr11	2182	87320000	2197	87960000	domain	640000
chr11	2198	87960000	2198	88000000	gap	40000
chr11	2199	88000000	2212	88560000	domain	560000
chr11	2213	88560000	2219	88840000	domain	280000
chr11	2220	88840000	2219	88840000	gap	0
chr11	2220	88840000	2251	90120000	gap	1280000
chr11	2252	90120000	2309	92440000	domain	2320000
chr11	2310	92440000	2321	92920000	domain	480000
chr11	2322	92920000	2325	93080000	domain	160000
chr11	2326	93080000	2329	93240000	domain	160000
chr11	2330	93240000	2340	93680000	domain	440000
chr11	2341	93680000	2345	93880000	domain	200000
chr11	2346	93880000	2359	94440000	domain	560000
chr11	2360	94440000	2377	95160000	domain	720000
chr11	2378	95160000	2393	95800000	domain	640000
chr11	2394	95800000	2399	96040000	domain	240000
chr11	2400	96040000	2408	96400000	domain	360000
chr11	2409	96400000	2434	97440000	domain	1040000
chr11	2435	97440000	2438	97600000	domain	160000
chr11	2439	97600000	2443	97800000	domain	200000
chr11	2444	97800000	2447	97960000	domain	160000
chr11	2448	97960000	2456	98320000	domain	360000
chr11	2457	98320000	2460	98480000	domain	160000
chr11	2461	98480000	2467	98760000	domain	280000
chr11	2468	98760000	2512	100560000	domain	1800000
chr11	2513	100560000	2522	100960000	domain	400000
chr11	2523	100960000	2534	101440000	domain	480000
chr11	2535	101440000	2544	101840000	domain	400000
chr11	2545	101840000	2555	102280000	domain	440000
chr11	2556	102280000	2561	102520000	domain	240000
chr11	2562	102520000	2565	102680000	domain	160000
chr11	2566	102680000	2575	103080000	domain	400000
chr11	2576	103080000	2581	103320000	domain	240000
chr11	2582	103320000	2590	103680000	domain	360000
chr11	2591	103680000	2611	104520000	domain	840000
chr11	2612	104520000	2620	104880000	domain	360000
chr11	2621	104880000	2650	106080000	domain	1200000
chr11	2651	106080000	2674	107040000	domain	960000
chr11	2675	107040000	2686	107520000	domain	480000
chr11	2687	107520000	2707	108360000	domain	840000
chr11	2708	108360000	2715	108680000	domain	320000
chr11	2716	108680000	2735	109480000	domain	800000
chr11	2736	109480000	2739	109640000	domain	160000
chr11	2740	109640000	2746	109920000	domain	280000
chr11	2747	109920000	2759	110440000	domain	520000
chr11	2760	110440000	2766	110720000	domain	280000
chr11	2767	110720000	2780	111280000	domain	560000
chr11	2781	111280000	2784	111440000	domain	160000
chr11	2785	111440000	2788	111600000	domain	160000
chr11	2789	111600000	2795	111880000	domain	280000
chr11	2796	111880000	2800	112080000	domain	200000
chr11	2801	112080000	2806	112320000	domain	240000
chr11	2807	112320000	2813	112600000	domain	280000
chr11	2814	112600000	2830	113280000	domain	680000
chr11	2831	113280000	2845	113880000	domain	600000
chr11	2846	113880000	2849	114040000	domain	160000
chr11	2850	114040000	2855	114280000	domain	240000
chr11	2856	114280000	2864	114640000	domain	360000
chr11	2865	114640000	2881	115320000	domain	680000
chr11	2882	115320000	2886	115520000	domain	200000
chr11	2887	115520000	2905	116280000	domain	760000
chr11	2906	116280000	2916	116720000	domain	440000
chr11	2917	116720000	2926	117120000	domain	400000
chr11	2927	117120000	2933	117400000	domain	280000
chr11	2934	117400000	2943	117800000	domain	400000
chr11	2944	117800000	2951	118120000	domain	320000
chr11	2952	118120000	2957	118360000	domain	240000
chr11	2958	118360000	2965	118680000	domain	320000
chr11	2966	118680000	2974	119040000	domain	360000
chr11	2975	119040000	2981	119320000	domain	280000
chr11	2982	119320000	2985	119480000	domain	160000
chr11	2986	119480000	2989	119640000	domain	160000
chr11	2990	119640000	3001	120120000	domain	480000
chr11	3002	120120000	3006	120320000	domain	200000
chr11	3007	120320000	3010	120480000	domain	160000
chr11	3011	120480000	3029	121240000	domain	760000
chr11	3030	121240000	3039	121640000	domain	400000
chr11	3040	121640000	3048	122000000	domain	360000
chr11	3049	122000000	3053	122200000	domain	200000
chr11	3054	122200000	3062	122560000	domain	360000
chr11	3063	122560000	3075	123080000	domain	520000
chr11	3076	123080000	3080	123280000	domain	200000
chr11	3081	123280000	3092	123760000	domain	480000
chr11	3093	123760000	3098	124000000	domain	240000
chr11	3099	124000000	3105	124280000	domain	280000
chr11	3106	124280000	3107	124360000	domain	80000
chr11	3108	124360000	3113	124600000	domain	240000
chr11	3114	124600000	3122	124960000	domain	360000
chr11	3123	124960000	3134	125440000	domain	480000
chr11	3135	125440000	3145	125880000	domain	440000
chr11	3146	125880000	3153	126200000	domain	320000
chr11	3154	126200000	3160	126480000	domain	280000
chr11	3161	126480000	3174	127040000	domain	560000
chr11	3175	127040000	3182	127360000	domain	320000
chr11	3183	127360000	3196	127920000	domain	560000
chr11	3197	127920000	3198	128000000	domain	80000
chr11	3199	128000000	3202	128160000	domain	160000
chr11	3203	128160000	3214	128640000	domain	480000
chr11	3215	128640000	3219	128840000	domain	200000
chr11	3220	128840000	3232	129360000	domain	520000
chr11	3233	129360000	3242	129760000	domain	400000
chr11	3243	129760000	3246	129920000	domain	160000
chr11	3247	129920000	3252	130160000	domain	240000
chr11	3253	130160000	3259	130440000	domain	280000
chr11	3260	130440000	3271	130920000	domain	480000
chr11	3272	130920000	3290	131680000	domain	760000
chr11	3291	131680000	3300	132080000	domain	400000
chr11	3301	132080000	3312	132560000	domain	480000
chr11	3313	132560000	3319	132840000	domain	280000
chr11	3320	132840000	3325	133080000	domain	240000
chr11	3326	133080000	3344	133840000	domain	760000
chr11	3345	133840000	3353	134200000	domain	360000
chr11	3354	134200000	3357	134360000	domain	160000
chr11	3358	134360000	3368	134800000	domain	440000
chr11	3369	134800000	3375	135080000	domain	280000
