chr	from.id	from.coord	to.id	to.coord	tag	size
chr17	1	40000	3	160000	gap	120000
chr17	4	160000	10	440000	domain	280000
chr17	11	440000	12	520000	gap	80000
chr17	13	520000	17	720000	domain	200000
chr17	18	720000	24	1000000	domain	280000
chr17	25	1000000	38	1560000	domain	560000
chr17	39	1560000	41	1680000	domain	120000
chr17	42	1680000	46	1880000	domain	200000
chr17	47	1880000	50	2040000	domain	160000
chr17	51	2040000	56	2280000	domain	240000
chr17	57	2280000	60	2440000	domain	160000
chr17	61	2440000	67	2720000	domain	280000
chr17	68	2720000	75	3040000	domain	320000
chr17	76	3040000	81	3280000	gap	240000
chr17	82	3280000	88	3560000	domain	280000
chr17	89	3560000	103	4160000	domain	600000
chr17	104	4160000	109	4400000	domain	240000
chr17	110	4400000	116	4680000	domain	280000
chr17	117	4680000	122	4920000	domain	240000
chr17	123	4920000	128	5160000	domain	240000
chr17	129	5160000	137	5520000	domain	360000
chr17	138	5520000	160	6440000	domain	920000
chr17	161	6440000	166	6680000	domain	240000
chr17	167	6680000	175	7040000	domain	360000
chr17	176	7040000	180	7240000	domain	200000
chr17	181	7240000	202	8120000	domain	880000
chr17	203	8120000	209	8400000	domain	280000
chr17	210	8400000	219	8800000	domain	400000
chr17	220	8800000	223	8960000	domain	160000
chr17	224	8960000	232	9320000	domain	360000
chr17	233	9320000	238	9560000	domain	240000
chr17	239	9560000	243	9760000	domain	200000
chr17	244	9760000	256	10280000	domain	520000
chr17	257	10280000	264	10600000	domain	320000
chr17	265	10600000	271	10880000	domain	280000
chr17	272	10880000	280	11240000	domain	360000
chr17	281	11240000	291	11680000	domain	440000
chr17	292	11680000	299	12000000	domain	320000
chr17	300	12000000	303	12160000	domain	160000
chr17	304	12160000	325	13040000	domain	880000
chr17	326	13040000	332	13320000	domain	280000
chr17	333	13320000	338	13560000	domain	240000
chr17	339	13560000	353	14160000	domain	600000
chr17	354	14160000	354	14200000	gap	40000
chr17	355	14200000	373	14960000	domain	760000
chr17	374	14960000	379	15200000	domain	240000
chr17	380	15200000	387	15520000	domain	320000
chr17	388	15520000	396	15880000	gap	360000
chr17	397	15880000	408	16360000	domain	480000
chr17	409	16360000	416	16680000	domain	320000
chr17	417	16680000	421	16880000	gap	200000
chr17	422	16880000	432	17320000	domain	440000
chr17	433	17320000	440	17640000	domain	320000
chr17	441	17640000	451	18080000	domain	440000
chr17	452	18080000	458	18360000	domain	280000
chr17	459	18360000	470	18840000	gap	480000
chr17	471	18840000	474	19000000	domain	160000
chr17	475	19000000	480	19240000	gap	240000
chr17	481	19240000	487	19520000	domain	280000
chr17	488	19520000	494	19800000	domain	280000
chr17	495	19800000	498	19960000	domain	160000
chr17	499	19960000	507	20320000	domain	360000
chr17	508	20320000	522	20920000	gap	600000
chr17	523	20920000	532	21320000	domain	400000
chr17	533	21320000	679	27200000	gap	5880000
chr17	680	27200000	683	27360000	domain	160000
chr17	684	27360000	689	27600000	domain	240000
chr17	690	27600000	693	27760000	domain	160000
chr17	694	27760000	697	27920000	domain	160000
chr17	698	27920000	708	28360000	domain	440000
chr17	709	28360000	713	28560000	domain	200000
chr17	714	28560000	717	28720000	domain	160000
chr17	718	28720000	723	28960000	domain	240000
chr17	724	28960000	727	29120000	domain	160000
chr17	728	29120000	733	29360000	domain	240000
chr17	734	29360000	738	29560000	domain	200000
chr17	739	29560000	744	29800000	domain	240000
chr17	745	29800000	751	30080000	domain	280000
chr17	752	30080000	756	30280000	domain	200000
chr17	757	30280000	764	30600000	domain	320000
chr17	765	30600000	768	30760000	gap	160000
chr17	769	30760000	784	31400000	domain	640000
chr17	785	31400000	788	31560000	domain	160000
chr17	789	31560000	797	31920000	domain	360000
chr17	798	31920000	802	32120000	gap	200000
chr17	803	32120000	824	33000000	domain	880000
chr17	825	33000000	837	33520000	domain	520000
chr17	838	33520000	841	33680000	domain	160000
chr17	842	33680000	843	33760000	boundary	80000
chr17	844	33760000	859	34400000	domain	640000
chr17	860	34400000	866	34680000	domain	280000
chr17	867	34680000	873	34960000	domain	280000
chr17	874	34960000	878	35160000	domain	200000
chr17	879	35160000	888	35560000	domain	400000
chr17	889	35560000	896	35880000	domain	320000
chr17	897	35880000	903	36160000	domain	280000
chr17	904	36160000	911	36480000	gap	320000
chr17	912	36480000	925	37040000	domain	560000
chr17	926	37040000	930	37240000	domain	200000
chr17	931	37240000	934	37400000	domain	160000
chr17	935	37400000	940	37640000	domain	240000
chr17	941	37640000	946	37880000	domain	240000
chr17	947	37880000	957	38320000	gap	440000
chr17	958	38320000	961	38480000	domain	160000
chr17	962	38480000	962	38520000	gap	40000
chr17	963	38520000	966	38680000	domain	160000
chr17	967	38680000	971	38880000	domain	200000
chr17	972	38880000	987	39520000	domain	640000
chr17	988	39520000	993	39760000	domain	240000
chr17	994	39760000	998	39960000	domain	200000
chr17	999	39960000	1004	40200000	domain	240000
chr17	1005	40200000	1014	40600000	domain	400000
chr17	1015	40600000	1019	40800000	domain	200000
chr17	1020	40800000	1026	41080000	domain	280000
chr17	1027	41080000	1027	41120000	gap	40000
chr17	1028	41120000	1041	41680000	domain	560000
chr17	1042	41680000	1047	41920000	domain	240000
chr17	1048	41920000	1052	42120000	domain	200000
chr17	1053	42120000	1063	42560000	domain	440000
chr17	1064	42560000	1070	42840000	domain	280000
chr17	1071	42840000	1074	43000000	domain	160000
chr17	1075	43000000	1079	43200000	domain	200000
chr17	1080	43200000	1082	43320000	gap	120000
chr17	1083	43320000	1095	43840000	domain	520000
chr17	1096	43840000	1104	44200000	domain	360000
chr17	1105	44200000	1108	44360000	domain	160000
chr17	1109	44360000	1112	44520000	domain	160000
chr17	1113	44520000	1117	44720000	domain	200000
chr17	1118	44720000	1127	45120000	domain	400000
chr17	1128	45120000	1135	45440000	domain	320000
chr17	1136	45440000	1140	45640000	gap	200000
chr17	1141	45640000	1148	45960000	domain	320000
chr17	1149	45960000	1156	46280000	domain	320000
chr17	1157	46280000	1167	46720000	gap	440000
chr17	1168	46720000	1174	47000000	domain	280000
chr17	1175	47000000	1176	47080000	gap	80000
chr17	1177	47080000	1185	47440000	domain	360000
chr17	1186	47440000	1189	47600000	gap	160000
chr17	1190	47600000	1194	47800000	domain	200000
chr17	1195	47800000	1199	48000000	domain	200000
chr17	1200	48000000	1203	48160000	domain	160000
chr17	1204	48160000	1215	48640000	domain	480000
chr17	1216	48640000	1231	49280000	domain	640000
chr17	1232	49280000	1238	49560000	domain	280000
chr17	1239	49560000	1245	49840000	domain	280000
chr17	1246	49840000	1249	50000000	domain	160000
chr17	1250	50000000	1251	50080000	domain	80000
chr17	1252	50080000	1257	50320000	domain	240000
chr17	1258	50320000	1261	50480000	domain	160000
chr17	1262	50480000	1268	50760000	domain	280000
chr17	1269	50760000	1274	51000000	domain	240000
chr17	1275	51000000	1278	51160000	domain	160000
chr17	1279	51160000	1281	51280000	domain	120000
chr17	1282	51280000	1288	51560000	domain	280000
chr17	1289	51560000	1293	51760000	domain	200000
chr17	1294	51760000	1303	52160000	domain	400000
chr17	1304	52160000	1308	52360000	domain	200000
chr17	1309	52360000	1324	53000000	domain	640000
chr17	1325	53000000	1373	54960000	domain	1960000
chr17	1374	54960000	1383	55360000	domain	400000
chr17	1384	55360000	1387	55520000	domain	160000
chr17	1388	55520000	1395	55840000	domain	320000
chr17	1396	55840000	1419	56800000	domain	960000
chr17	1420	56800000	1423	56960000	domain	160000
chr17	1424	56960000	1427	57120000	domain	160000
chr17	1428	57120000	1445	57840000	domain	720000
chr17	1446	57840000	1449	58000000	domain	160000
chr17	1450	58000000	1454	58200000	domain	200000
chr17	1455	58200000	1461	58480000	domain	280000
chr17	1462	58480000	1467	58720000	domain	240000
chr17	1468	58720000	1474	59000000	domain	280000
chr17	1475	59000000	1488	59560000	domain	560000
chr17	1489	59560000	1489	59600000	gap	40000
chr17	1490	59600000	1498	59960000	domain	360000
chr17	1499	59960000	1500	60040000	gap	80000
chr17	1501	60040000	1504	60200000	domain	160000
chr17	1505	60200000	1505	60240000	gap	40000
chr17	1506	60240000	1510	60440000	domain	200000
chr17	1511	60440000	1516	60680000	domain	240000
chr17	1517	60680000	1534	61400000	domain	720000
chr17	1535	61400000	1539	61600000	domain	200000
chr17	1540	61600000	1545	61840000	domain	240000
chr17	1546	61840000	1551	62080000	domain	240000
chr17	1552	62080000	1555	62240000	domain	160000
chr17	1556	62240000	1563	62560000	gap	320000
chr17	1564	62560000	1574	63000000	domain	440000
chr17	1575	63000000	1584	63400000	domain	400000
chr17	1585	63400000	1590	63640000	domain	240000
chr17	1591	63640000	1596	63880000	domain	240000
chr17	1597	63880000	1597	63920000	gap	40000
chr17	1598	63920000	1606	64280000	domain	360000
chr17	1607	64280000	1611	64480000	domain	200000
chr17	1612	64480000	1618	64760000	domain	280000
chr17	1619	64760000	1622	64920000	gap	160000
chr17	1623	64920000	1630	65240000	domain	320000
chr17	1631	65240000	1638	65560000	domain	320000
chr17	1639	65560000	1645	65840000	domain	280000
chr17	1646	65840000	1654	66200000	domain	360000
chr17	1655	66200000	1666	66680000	domain	480000
chr17	1667	66680000	1672	66920000	domain	240000
chr17	1673	66920000	1683	67360000	domain	440000
chr17	1684	67360000	1692	67720000	domain	360000
chr17	1693	67720000	1700	68040000	domain	320000
chr17	1701	68040000	1711	68480000	domain	440000
chr17	1712	68480000	1718	68760000	domain	280000
chr17	1719	68760000	1730	69240000	domain	480000
chr17	1731	69240000	1738	69560000	domain	320000
chr17	1739	69560000	1753	70160000	domain	600000
chr17	1754	70160000	1764	70600000	domain	440000
chr17	1765	70600000	1786	71480000	domain	880000
chr17	1787	71480000	1802	72120000	domain	640000
chr17	1803	72120000	1813	72560000	domain	440000
chr17	1814	72560000	1817	72720000	domain	160000
chr17	1818	72720000	1823	72960000	domain	240000
chr17	1824	72960000	1829	73200000	domain	240000
chr17	1830	73200000	1834	73400000	domain	200000
chr17	1835	73400000	1854	74200000	domain	800000
chr17	1855	74200000	1858	74360000	domain	160000
chr17	1859	74360000	1862	74520000	domain	160000
chr17	1863	74520000	1871	74880000	domain	360000
chr17	1872	74880000	1881	75280000	domain	400000
chr17	1882	75280000	1893	75760000	domain	480000
chr17	1894	75760000	1896	75880000	domain	120000
chr17	1897	75880000	1901	76080000	domain	200000
chr17	1902	76080000	1918	76760000	domain	680000
chr17	1919	76760000	1926	77080000	domain	320000
chr17	1927	77080000	1931	77280000	domain	200000
chr17	1932	77280000	1937	77520000	domain	240000
chr17	1938	77520000	1956	78280000	domain	760000
chr17	1957	78280000	1960	78440000	domain	160000
chr17	1961	78440000	1966	78680000	domain	240000
chr17	1967	78680000	1970	78840000	domain	160000
chr17	1971	78840000	1974	79000000	domain	160000
chr17	1975	79000000	1984	79400000	domain	400000
chr17	1985	79400000	1992	79720000	domain	320000
chr17	1993	79720000	1999	80000000	domain	280000
chr17	2000	80000000	2009	80400000	domain	400000
chr17	2010	80400000	2023	80960000	domain	560000
chr17	2024	80960000	2030	81240000	domain	280000
chr17	2031	81240000	2037	81520000	domain	280000
chr17	2038	81520000	2042	81720000	domain	200000
chr17	2043	81720000	2044	81800000	gap	80000
chr17	2045	81800000	2049	82000000	domain	200000
chr17	2050	82000000	2053	82160000	domain	160000
chr17	2054	82160000	2058	82360000	domain	200000
chr17	2059	82360000	2064	82600000	domain	240000
chr17	2065	82600000	2068	82760000	domain	160000
chr17	2069	82760000	2079	83200000	domain	440000
chr17	2080	83200000	2081	83257441	gap	57441
