chr	from.id	from.coord	to.id	to.coord	tag	size
chr21	1	5000000	230	14200000	gap	9200000
chr21	231	14200000	236	14440000	domain	240000
chr21	237	14440000	246	14840000	domain	400000
chr21	247	14840000	252	15080000	domain	240000
chr21	253	15080000	265	15600000	domain	520000
chr21	266	15600000	272	15880000	domain	280000
chr21	273	15880000	277	16080000	domain	200000
chr21	278	16080000	284	16360000	domain	280000
chr21	285	16360000	295	16800000	domain	440000
chr21	296	16800000	309	17360000	domain	560000
chr21	310	17360000	316	17640000	domain	280000
chr21	317	17640000	323	17920000	domain	280000
chr21	324	17920000	334	18360000	domain	440000
chr21	335	18360000	340	18600000	domain	240000
chr21	341	18600000	348	18920000	domain	320000
chr21	349	18920000	358	19320000	domain	400000
chr21	359	19320000	364	19560000	domain	240000
chr21	365	19560000	377	20080000	domain	520000
chr21	378	20080000	386	20440000	domain	360000
chr21	387	20440000	399	20960000	domain	520000
chr21	400	20960000	410	21400000	domain	440000
chr21	411	21400000	424	21960000	domain	560000
chr21	425	21960000	445	22800000	domain	840000
chr21	446	22800000	453	23120000	domain	320000
chr21	454	23120000	470	23800000	domain	680000
chr21	471	23800000	477	24080000	domain	280000
chr21	478	24080000	484	24360000	domain	280000
chr21	485	24360000	488	24520000	domain	160000
chr21	489	24520000	497	24880000	domain	360000
chr21	498	24880000	502	25080000	domain	200000
chr21	503	25080000	510	25400000	domain	320000
chr21	511	25400000	514	25560000	domain	160000
chr21	515	25560000	519	25760000	domain	200000
chr21	520	25760000	522	25880000	domain	120000
chr21	523	25880000	530	26200000	domain	320000
chr21	531	26200000	544	26760000	domain	560000
chr21	545	26760000	546	26840000	domain	80000
chr21	547	26840000	571	27840000	domain	1000000
chr21	572	27840000	573	27920000	gap	80000
chr21	574	27920000	584	28360000	domain	440000
chr21	585	28360000	588	28520000	domain	160000
chr21	589	28520000	594	28760000	domain	240000
chr21	595	28760000	602	29080000	domain	320000
chr21	603	29080000	610	29400000	domain	320000
chr21	611	29400000	623	29920000	domain	520000
chr21	624	29920000	637	30480000	domain	560000
chr21	638	30480000	645	30800000	domain	320000
chr21	646	30800000	652	31080000	domain	280000
chr21	653	31080000	666	31640000	domain	560000
chr21	667	31640000	682	32280000	domain	640000
chr21	683	32280000	691	32640000	domain	360000
chr21	692	32640000	696	32840000	domain	200000
chr21	697	32840000	705	33200000	domain	360000
chr21	706	33200000	712	33480000	domain	280000
chr21	713	33480000	716	33640000	domain	160000
chr21	717	33640000	723	33920000	domain	280000
chr21	724	33920000	734	34360000	domain	440000
chr21	735	34360000	737	34480000	gap	120000
chr21	738	34480000	742	34680000	domain	200000
chr21	743	34680000	747	34880000	domain	200000
chr21	748	34880000	761	35440000	domain	560000
chr21	762	35440000	771	35840000	domain	400000
chr21	772	35840000	778	36120000	domain	280000
chr21	779	36120000	785	36400000	domain	280000
chr21	786	36400000	793	36720000	domain	320000
chr21	794	36720000	798	36920000	domain	200000
chr21	799	36920000	803	37120000	domain	200000
chr21	804	37120000	817	37680000	domain	560000
chr21	818	37680000	834	38360000	domain	680000
chr21	835	38360000	843	38720000	domain	360000
chr21	844	38720000	854	39160000	domain	440000
chr21	855	39160000	862	39480000	domain	320000
chr21	863	39480000	869	39760000	domain	280000
chr21	870	39760000	879	40160000	domain	400000
chr21	880	40160000	887	40480000	domain	320000
chr21	888	40480000	896	40840000	domain	360000
chr21	897	40840000	902	41080000	domain	240000
chr21	903	41080000	907	41280000	domain	200000
chr21	908	41280000	912	41480000	domain	200000
chr21	913	41480000	921	41840000	domain	360000
chr21	922	41840000	928	42120000	domain	280000
chr21	929	42120000	937	42480000	domain	360000
chr21	938	42480000	951	43040000	domain	560000
chr21	952	43040000	965	43600000	gap	560000
chr21	966	43600000	970	43800000	domain	200000
chr21	971	43800000	977	44080000	domain	280000
chr21	978	44080000	977	44080000	gap	0
chr21	978	44080000	981	44240000	gap	160000
chr21	982	44240000	994	44760000	domain	520000
chr21	995	44760000	999	44960000	domain	200000
chr21	1000	44960000	1004	45160000	domain	200000
chr21	1005	45160000	1007	45280000	domain	120000
chr21	1008	45280000	1012	45480000	domain	200000
chr21	1013	45480000	1016	45640000	domain	160000
chr21	1017	45640000	1024	45960000	domain	320000
chr21	1025	45960000	1028	46120000	domain	160000
chr21	1029	46120000	1032	46280000	domain	160000
chr21	1033	46280000	1043	46709983	domain	429983
