chr	from.id	from.coord	to.id	to.coord	tag	size
chr9	1	0	5	200000	gap	200000
chr9	6	200000	9	360000	domain	160000
chr9	10	360000	15	600000	domain	240000
chr9	16	600000	20	800000	domain	200000
chr9	21	800000	26	1040000	domain	240000
chr9	27	1040000	31	1240000	domain	200000
chr9	32	1240000	36	1440000	domain	200000
chr9	37	1440000	41	1640000	domain	200000
chr9	42	1640000	48	1920000	domain	280000
chr9	49	1920000	53	2120000	domain	200000
chr9	54	2120000	71	2840000	domain	720000
chr9	72	2840000	81	3240000	domain	400000
chr9	82	3240000	93	3720000	domain	480000
chr9	94	3720000	110	4400000	domain	680000
chr9	111	4400000	116	4640000	domain	240000
chr9	117	4640000	119	4760000	domain	120000
chr9	120	4760000	126	5040000	domain	280000
chr9	127	5040000	136	5440000	domain	400000
chr9	137	5440000	140	5600000	domain	160000
chr9	141	5600000	144	5760000	domain	160000
chr9	145	5760000	151	6040000	domain	280000
chr9	152	6040000	158	6320000	domain	280000
chr9	159	6320000	169	6760000	domain	440000
chr9	170	6760000	181	7240000	domain	480000
chr9	182	7240000	189	7560000	domain	320000
chr9	190	7560000	195	7800000	domain	240000
chr9	196	7800000	212	8480000	domain	680000
chr9	213	8480000	222	8880000	domain	400000
chr9	223	8880000	240	9600000	domain	720000
chr9	241	9600000	244	9760000	domain	160000
chr9	245	9760000	250	10000000	domain	240000
chr9	251	10000000	258	10320000	domain	320000
chr9	259	10320000	262	10480000	domain	160000
chr9	263	10480000	265	10600000	domain	120000
chr9	266	10600000	272	10880000	domain	280000
chr9	273	10880000	277	11080000	domain	200000
chr9	278	11080000	280	11200000	domain	120000
chr9	281	11200000	283	11320000	domain	120000
chr9	284	11320000	296	11840000	domain	520000
chr9	297	11840000	304	12160000	domain	320000
chr9	305	12160000	308	12320000	domain	160000
chr9	309	12320000	310	12400000	domain	80000
chr9	311	12400000	317	12680000	domain	280000
chr9	318	12680000	327	13080000	domain	400000
chr9	328	13080000	332	13280000	domain	200000
chr9	333	13280000	336	13440000	domain	160000
chr9	337	13440000	361	14440000	domain	1000000
chr9	362	14440000	370	14800000	domain	360000
chr9	371	14800000	379	15160000	domain	360000
chr9	380	15160000	386	15440000	domain	280000
chr9	387	15440000	391	15640000	domain	200000
chr9	392	15640000	396	15840000	domain	200000
chr9	397	15840000	404	16160000	domain	320000
chr9	405	16160000	421	16840000	domain	680000
chr9	422	16840000	426	17040000	domain	200000
chr9	427	17040000	437	17480000	domain	440000
chr9	438	17480000	445	17800000	domain	320000
chr9	446	17800000	456	18240000	domain	440000
chr9	457	18240000	466	18640000	domain	400000
chr9	467	18640000	476	19040000	domain	400000
chr9	477	19040000	487	19480000	domain	440000
chr9	488	19480000	498	19920000	domain	440000
chr9	499	19920000	509	20360000	domain	440000
chr9	510	20360000	529	21160000	domain	800000
chr9	530	21160000	537	21480000	domain	320000
chr9	538	21480000	545	21800000	domain	320000
chr9	546	21800000	557	22280000	domain	480000
chr9	558	22280000	562	22480000	domain	200000
chr9	563	22480000	563	22520000	gap	40000
chr9	564	22520000	569	22760000	domain	240000
chr9	570	22760000	578	23120000	domain	360000
chr9	579	23120000	596	23840000	domain	720000
chr9	597	23840000	602	24080000	domain	240000
chr9	603	24080000	607	24280000	domain	200000
chr9	608	24280000	648	25920000	domain	1640000
chr9	649	25920000	659	26360000	domain	440000
chr9	660	26360000	667	26680000	domain	320000
chr9	668	26680000	672	26880000	domain	200000
chr9	673	26880000	683	27320000	domain	440000
chr9	684	27320000	689	27560000	domain	240000
chr9	690	27560000	703	28120000	domain	560000
chr9	704	28120000	718	28720000	domain	600000
chr9	719	28720000	729	29160000	domain	440000
chr9	730	29160000	740	29600000	domain	440000
chr9	741	29600000	745	29800000	domain	200000
chr9	746	29800000	761	30440000	domain	640000
chr9	762	30440000	765	30600000	domain	160000
chr9	766	30600000	774	30960000	domain	360000
chr9	775	30960000	779	31160000	domain	200000
chr9	780	31160000	784	31360000	domain	200000
chr9	785	31360000	796	31840000	domain	480000
chr9	797	31840000	800	32000000	domain	160000
chr9	801	32000000	809	32360000	domain	360000
chr9	810	32360000	815	32600000	domain	240000
chr9	816	32600000	825	33000000	domain	400000
chr9	826	33000000	832	33280000	domain	280000
chr9	833	33280000	838	33520000	domain	240000
chr9	839	33520000	840	33600000	gap	80000
chr9	841	33600000	844	33760000	domain	160000
chr9	845	33760000	866	34640000	domain	880000
chr9	867	34640000	878	35120000	domain	480000
chr9	879	35120000	887	35480000	domain	360000
chr9	888	35480000	890	35600000	domain	120000
chr9	891	35600000	898	35920000	domain	320000
chr9	899	35920000	905	36200000	domain	280000
chr9	906	36200000	910	36400000	domain	200000
chr9	911	36400000	914	36560000	domain	160000
chr9	915	36560000	925	37000000	domain	440000
chr9	926	37000000	937	37480000	domain	480000
chr9	938	37480000	944	37760000	domain	280000
chr9	945	37760000	948	37920000	domain	160000
chr9	949	37920000	952	38080000	domain	160000
chr9	953	38080000	963	38520000	domain	440000
chr9	964	38520000	1710	68400000	gap	29880000
chr9	1711	68400000	1714	68560000	domain	160000
chr9	1715	68560000	1726	69040000	domain	480000
chr9	1727	69040000	1731	69240000	domain	200000
chr9	1732	69240000	1735	69400000	domain	160000
chr9	1736	69400000	1739	69560000	domain	160000
chr9	1740	69560000	1749	69960000	domain	400000
chr9	1750	69960000	1756	70240000	domain	280000
chr9	1757	70240000	1767	70680000	domain	440000
chr9	1768	70680000	1769	70760000	gap	80000
chr9	1770	70760000	1782	71280000	domain	520000
chr9	1783	71280000	1790	71600000	domain	320000
chr9	1791	71600000	1795	71800000	domain	200000
chr9	1796	71800000	1800	72000000	domain	200000
chr9	1801	72000000	1807	72280000	domain	280000
chr9	1808	72280000	1815	72600000	domain	320000
chr9	1816	72600000	1821	72840000	domain	240000
chr9	1822	72840000	1830	73200000	domain	360000
chr9	1831	73200000	1869	74760000	domain	1560000
chr9	1870	74760000	1877	75080000	domain	320000
chr9	1878	75080000	1882	75280000	domain	200000
chr9	1883	75280000	1897	75880000	domain	600000
chr9	1898	75880000	1910	76400000	domain	520000
chr9	1911	76400000	1918	76720000	domain	320000
chr9	1919	76720000	1925	77000000	domain	280000
chr9	1926	77000000	1929	77160000	domain	160000
chr9	1930	77160000	1935	77400000	domain	240000
chr9	1936	77400000	1944	77760000	domain	360000
chr9	1945	77760000	1951	78040000	domain	280000
chr9	1952	78040000	1956	78240000	domain	200000
chr9	1957	78240000	1960	78400000	domain	160000
chr9	1961	78400000	1977	79080000	domain	680000
chr9	1978	79080000	1981	79240000	domain	160000
chr9	1982	79240000	1989	79560000	domain	320000
chr9	1990	79560000	1999	79960000	domain	400000
chr9	2000	79960000	2004	80160000	domain	200000
chr9	2005	80160000	2015	80600000	domain	440000
chr9	2016	80600000	2042	81680000	domain	1080000
chr9	2043	81680000	2048	81920000	domain	240000
chr9	2049	81920000	2049	81960000	gap	40000
chr9	2050	81960000	2053	82120000	domain	160000
chr9	2054	82120000	2062	82480000	domain	360000
chr9	2063	82480000	2066	82640000	domain	160000
chr9	2067	82640000	2075	83000000	domain	360000
chr9	2076	83000000	2080	83200000	domain	200000
chr9	2081	83200000	2090	83600000	domain	400000
chr9	2091	83600000	2096	83840000	domain	240000
chr9	2097	83840000	2098	83920000	gap	80000
chr9	2099	83920000	2109	84360000	domain	440000
chr9	2110	84360000	2117	84680000	domain	320000
chr9	2118	84680000	2124	84960000	domain	280000
chr9	2125	84960000	2132	85280000	domain	320000
chr9	2133	85280000	2144	85760000	domain	480000
chr9	2145	85760000	2146	85840000	gap	80000
chr9	2147	85840000	2157	86280000	domain	440000
chr9	2158	86280000	2159	86360000	boundary	80000
chr9	2160	86360000	2173	86920000	domain	560000
chr9	2174	86920000	2183	87320000	domain	400000
chr9	2184	87320000	2192	87680000	domain	360000
chr9	2193	87680000	2198	87920000	domain	240000
chr9	2199	87920000	2203	88120000	domain	200000
chr9	2204	88120000	2209	88360000	domain	240000
chr9	2210	88360000	2215	88600000	domain	240000
chr9	2216	88600000	2225	89000000	domain	400000
chr9	2226	89000000	2233	89320000	domain	320000
chr9	2234	89320000	2240	89600000	domain	280000
chr9	2241	89600000	2253	90120000	domain	520000
chr9	2254	90120000	2266	90640000	domain	520000
chr9	2267	90640000	2269	90760000	domain	120000
chr9	2270	90760000	2272	90880000	domain	120000
chr9	2273	90880000	2286	91440000	domain	560000
chr9	2287	91440000	2293	91720000	domain	280000
chr9	2294	91720000	2299	91960000	domain	240000
chr9	2300	91960000	2303	92120000	domain	160000
chr9	2304	92120000	2308	92320000	domain	200000
chr9	2309	92320000	2316	92640000	domain	320000
chr9	2317	92640000	2321	92840000	domain	200000
chr9	2322	92840000	2328	93120000	domain	280000
chr9	2329	93120000	2333	93320000	domain	200000
chr9	2334	93320000	2341	93640000	domain	320000
chr9	2342	93640000	2350	94000000	domain	360000
chr9	2351	94000000	2358	94320000	domain	320000
chr9	2359	94320000	2361	94440000	gap	120000
chr9	2362	94440000	2366	94640000	domain	200000
chr9	2367	94640000	2379	95160000	domain	520000
chr9	2380	95160000	2382	95280000	domain	120000
chr9	2383	95280000	2388	95520000	domain	240000
chr9	2389	95520000	2406	96240000	domain	720000
chr9	2407	96240000	2417	96680000	domain	440000
chr9	2418	96680000	2422	96880000	domain	200000
chr9	2423	96880000	2426	97040000	gap	160000
chr9	2427	97040000	2430	97200000	domain	160000
chr9	2431	97200000	2431	97240000	gap	40000
chr9	2432	97240000	2436	97440000	domain	200000
chr9	2437	97440000	2442	97680000	domain	240000
chr9	2443	97680000	2448	97920000	domain	240000
chr9	2449	97920000	2457	98280000	domain	360000
chr9	2458	98280000	2470	98800000	domain	520000
chr9	2471	98800000	2475	99000000	domain	200000
chr9	2476	99000000	2479	99160000	domain	160000
chr9	2480	99160000	2495	99800000	domain	640000
chr9	2496	99800000	2501	100040000	domain	240000
chr9	2502	100040000	2508	100320000	domain	280000
chr9	2509	100320000	2515	100600000	domain	280000
chr9	2516	100600000	2535	101400000	domain	800000
chr9	2536	101400000	2540	101600000	domain	200000
chr9	2541	101600000	2544	101760000	domain	160000
chr9	2545	101760000	2555	102200000	domain	440000
chr9	2556	102200000	2574	102960000	domain	760000
chr9	2575	102960000	2577	103080000	domain	120000
chr9	2578	103080000	2604	104160000	domain	1080000
chr9	2605	104160000	2610	104400000	domain	240000
chr9	2611	104400000	2619	104760000	domain	360000
chr9	2620	104760000	2629	105160000	domain	400000
chr9	2630	105160000	2636	105440000	domain	280000
chr9	2637	105440000	2644	105760000	domain	320000
chr9	2645	105760000	2645	105800000	gap	40000
chr9	2646	105800000	2666	106640000	domain	840000
chr9	2667	106640000	2671	106840000	domain	200000
chr9	2672	106840000	2679	107160000	domain	320000
chr9	2680	107160000	2687	107480000	domain	320000
chr9	2688	107480000	2699	107960000	domain	480000
chr9	2700	107960000	2707	108280000	domain	320000
chr9	2708	108280000	2715	108600000	domain	320000
chr9	2716	108600000	2721	108840000	domain	240000
chr9	2722	108840000	2735	109400000	domain	560000
chr9	2736	109400000	2738	109520000	domain	120000
chr9	2739	109520000	2747	109880000	domain	360000
chr9	2748	109880000	2754	110160000	domain	280000
chr9	2755	110160000	2756	110240000	boundary	80000
chr9	2757	110240000	2766	110640000	domain	400000
chr9	2767	110640000	2776	111040000	domain	400000
chr9	2777	111040000	2783	111320000	domain	280000
chr9	2784	111320000	2793	111720000	domain	400000
chr9	2794	111720000	2802	112080000	domain	360000
chr9	2803	112080000	2809	112360000	domain	280000
chr9	2810	112360000	2823	112920000	domain	560000
chr9	2824	112920000	2827	113080000	domain	160000
chr9	2828	113080000	2828	113120000	gap	40000
chr9	2829	113120000	2836	113440000	domain	320000
chr9	2837	113440000	2842	113680000	domain	240000
chr9	2843	113680000	2852	114080000	domain	400000
chr9	2853	114080000	2860	114400000	domain	320000
chr9	2861	114400000	2867	114680000	domain	280000
chr9	2868	114680000	2876	115040000	domain	360000
chr9	2877	115040000	2889	115560000	domain	520000
chr9	2890	115560000	2904	116160000	domain	600000
chr9	2905	116160000	2917	116680000	domain	520000
chr9	2918	116680000	2925	117000000	domain	320000
chr9	2926	117000000	2937	117480000	domain	480000
chr9	2938	117480000	2941	117640000	domain	160000
chr9	2942	117640000	2945	117800000	domain	160000
chr9	2946	117800000	2965	118600000	domain	800000
chr9	2966	118600000	2984	119360000	domain	760000
chr9	2985	119360000	2999	119960000	domain	600000
chr9	3000	119960000	3009	120360000	domain	400000
chr9	3010	120360000	3014	120560000	domain	200000
chr9	3015	120560000	3019	120760000	domain	200000
chr9	3020	120760000	3030	121200000	domain	440000
chr9	3031	121200000	3036	121440000	domain	240000
chr9	3037	121440000	3038	121520000	domain	80000
chr9	3039	121520000	3052	122080000	domain	560000
chr9	3053	122080000	3059	122360000	domain	280000
chr9	3060	122360000	3062	122480000	domain	120000
chr9	3063	122480000	3070	122800000	domain	320000
chr9	3071	122800000	3076	123040000	domain	240000
chr9	3077	123040000	3085	123400000	domain	360000
chr9	3086	123400000	3101	124040000	domain	640000
chr9	3102	124040000	3110	124400000	domain	360000
chr9	3111	124400000	3114	124560000	domain	160000
chr9	3115	124560000	3119	124760000	domain	200000
chr9	3120	124760000	3122	124880000	domain	120000
chr9	3123	124880000	3129	125160000	domain	280000
chr9	3130	125160000	3135	125400000	domain	240000
chr9	3136	125400000	3149	125960000	domain	560000
chr9	3150	125960000	3157	126280000	domain	320000
chr9	3158	126280000	3162	126480000	domain	200000
chr9	3163	126480000	3170	126800000	domain	320000
chr9	3171	126800000	3180	127200000	domain	400000
chr9	3181	127200000	3186	127440000	domain	240000
chr9	3187	127440000	3193	127720000	domain	280000
chr9	3194	127720000	3198	127920000	domain	200000
chr9	3199	127920000	3204	128160000	domain	240000
chr9	3205	128160000	3216	128640000	domain	480000
chr9	3217	128640000	3228	129120000	domain	480000
chr9	3229	129120000	3241	129640000	domain	520000
chr9	3242	129640000	3246	129840000	domain	200000
chr9	3247	129840000	3252	130080000	domain	240000
chr9	3253	130080000	3261	130440000	domain	360000
chr9	3262	130440000	3267	130680000	domain	240000
chr9	3268	130680000	3278	131120000	domain	440000
chr9	3279	131120000	3284	131360000	domain	240000
chr9	3285	131360000	3289	131560000	domain	200000
chr9	3290	131560000	3294	131760000	domain	200000
chr9	3295	131760000	3306	132240000	domain	480000
chr9	3307	132240000	3310	132400000	domain	160000
chr9	3311	132400000	3325	133000000	domain	600000
chr9	3326	133000000	3329	133160000	domain	160000
chr9	3330	133160000	3333	133320000	domain	160000
chr9	3334	133320000	3338	133520000	domain	200000
chr9	3339	133520000	3344	133760000	domain	240000
chr9	3345	133760000	3350	134000000	domain	240000
chr9	3351	134000000	3354	134160000	domain	160000
chr9	3355	134160000	3361	134440000	domain	280000
chr9	3362	134440000	3367	134680000	domain	240000
chr9	3368	134680000	3369	134760000	domain	80000
chr9	3370	134760000	3377	135080000	domain	320000
chr9	3378	135080000	3386	135440000	domain	360000
chr9	3387	135440000	3395	135800000	domain	360000
chr9	3396	135800000	3399	135960000	domain	160000
chr9	3400	135960000	3403	136120000	domain	160000
chr9	3404	136120000	3408	136320000	domain	200000
chr9	3409	136320000	3412	136480000	domain	160000
chr9	3413	136480000	3419	136760000	domain	280000
chr9	3420	136760000	3427	137080000	domain	320000
chr9	3428	137080000	3432	137280000	domain	200000
chr9	3433	137280000	3439	137560000	domain	280000
chr9	3440	137560000	3446	137840000	domain	280000
chr9	3447	137840000	3453	138120000	domain	280000
chr9	3454	138120000	3457	138280000	gap	160000
