chr	from.id	from.coord	to.id	to.coord	tag	size
chr17	1	40000	3	160000	gap	120000
chr17	4	160000	10	440000	domain	280000
chr17	11	440000	11	480000	gap	40000
chr17	12	480000	17	720000	domain	240000
chr17	18	720000	24	1000000	domain	280000
chr17	25	1000000	30	1240000	domain	240000
chr17	31	1240000	46	1880000	domain	640000
chr17	47	1880000	50	2040000	domain	160000
chr17	51	2040000	56	2280000	domain	240000
chr17	57	2280000	60	2440000	domain	160000
chr17	61	2440000	67	2720000	domain	280000
chr17	68	2720000	75	3040000	domain	320000
chr17	76	3040000	76	3080000	gap	40000
chr17	77	3080000	80	3240000	domain	160000
chr17	81	3240000	81	3280000	gap	40000
chr17	82	3280000	90	3640000	domain	360000
chr17	91	3640000	95	3840000	domain	200000
chr17	96	3840000	103	4160000	domain	320000
chr17	104	4160000	109	4400000	domain	240000
chr17	110	4400000	116	4680000	domain	280000
chr17	117	4680000	122	4920000	domain	240000
chr17	123	4920000	129	5200000	domain	280000
chr17	130	5200000	136	5480000	domain	280000
chr17	137	5480000	147	5920000	domain	440000
chr17	148	5920000	154	6200000	domain	280000
chr17	155	6200000	160	6440000	domain	240000
chr17	161	6440000	165	6640000	domain	200000
chr17	166	6640000	175	7040000	domain	400000
chr17	176	7040000	179	7200000	domain	160000
chr17	180	7200000	189	7600000	domain	400000
chr17	190	7600000	201	8080000	domain	480000
chr17	202	8080000	209	8400000	domain	320000
chr17	210	8400000	219	8800000	domain	400000
chr17	220	8800000	224	9000000	domain	200000
chr17	225	9000000	238	9560000	domain	560000
chr17	239	9560000	243	9760000	domain	200000
chr17	244	9760000	255	10240000	domain	480000
chr17	256	10240000	265	10640000	domain	400000
chr17	266	10640000	271	10880000	domain	240000
chr17	272	10880000	278	11160000	domain	280000
chr17	279	11160000	280	11240000	boundary	80000
chr17	281	11240000	298	11960000	domain	720000
chr17	299	11960000	303	12160000	domain	200000
chr17	304	12160000	325	13040000	domain	880000
chr17	326	13040000	339	13600000	domain	560000
chr17	340	13600000	353	14160000	domain	560000
chr17	354	14160000	354	14200000	gap	40000
chr17	355	14200000	379	15200000	domain	1000000
chr17	380	15200000	387	15520000	domain	320000
chr17	388	15520000	396	15880000	gap	360000
chr17	397	15880000	408	16360000	domain	480000
chr17	409	16360000	416	16680000	domain	320000
chr17	417	16680000	421	16880000	gap	200000
chr17	422	16880000	432	17320000	domain	440000
chr17	433	17320000	440	17640000	domain	320000
chr17	441	17640000	451	18080000	domain	440000
chr17	452	18080000	459	18400000	domain	320000
chr17	460	18400000	470	18840000	gap	440000
chr17	471	18840000	475	19040000	domain	200000
chr17	476	19040000	480	19240000	gap	200000
chr17	481	19240000	486	19480000	domain	240000
chr17	487	19480000	494	19800000	domain	320000
chr17	495	19800000	498	19960000	domain	160000
chr17	499	19960000	507	20320000	domain	360000
chr17	508	20320000	522	20920000	gap	600000
chr17	523	20920000	527	21120000	domain	200000
chr17	528	21120000	532	21320000	domain	200000
chr17	533	21320000	679	27200000	gap	5880000
chr17	680	27200000	683	27360000	domain	160000
chr17	684	27360000	689	27600000	domain	240000
chr17	690	27600000	693	27760000	domain	160000
chr17	694	27760000	697	27920000	domain	160000
chr17	698	27920000	708	28360000	domain	440000
chr17	709	28360000	713	28560000	domain	200000
chr17	714	28560000	723	28960000	domain	400000
chr17	724	28960000	727	29120000	domain	160000
chr17	728	29120000	732	29320000	domain	200000
chr17	733	29320000	739	29600000	domain	280000
chr17	740	29600000	744	29800000	domain	200000
chr17	745	29800000	751	30080000	domain	280000
chr17	752	30080000	756	30280000	domain	200000
chr17	757	30280000	764	30600000	domain	320000
chr17	765	30600000	768	30760000	gap	160000
chr17	769	30760000	784	31400000	domain	640000
chr17	785	31400000	788	31560000	domain	160000
chr17	789	31560000	800	32040000	domain	480000
chr17	801	32040000	802	32120000	gap	80000
chr17	803	32120000	810	32440000	domain	320000
chr17	811	32440000	818	32760000	domain	320000
chr17	819	32760000	823	32960000	domain	200000
chr17	824	32960000	837	33520000	domain	560000
chr17	838	33520000	843	33760000	domain	240000
chr17	844	33760000	853	34160000	domain	400000
chr17	854	34160000	859	34400000	domain	240000
chr17	860	34400000	866	34680000	domain	280000
chr17	867	34680000	873	34960000	domain	280000
chr17	874	34960000	877	35120000	domain	160000
chr17	878	35120000	888	35560000	domain	440000
chr17	889	35560000	895	35840000	domain	280000
chr17	896	35840000	903	36160000	domain	320000
chr17	904	36160000	910	36440000	gap	280000
chr17	911	36440000	926	37080000	domain	640000
chr17	927	37080000	930	37240000	domain	160000
chr17	931	37240000	934	37400000	domain	160000
chr17	935	37400000	940	37640000	domain	240000
chr17	941	37640000	946	37880000	domain	240000
chr17	947	37880000	957	38320000	gap	440000
chr17	958	38320000	966	38680000	domain	360000
chr17	967	38680000	971	38880000	domain	200000
chr17	972	38880000	979	39200000	domain	320000
chr17	980	39200000	987	39520000	domain	320000
chr17	988	39520000	999	40000000	domain	480000
chr17	1000	40000000	1004	40200000	domain	200000
chr17	1005	40200000	1014	40600000	domain	400000
chr17	1015	40600000	1020	40840000	domain	240000
chr17	1021	40840000	1026	41080000	domain	240000
chr17	1027	41080000	1031	41280000	gap	200000
chr17	1032	41280000	1037	41520000	domain	240000
chr17	1038	41520000	1041	41680000	domain	160000
chr17	1042	41680000	1047	41920000	domain	240000
chr17	1048	41920000	1052	42120000	domain	200000
chr17	1053	42120000	1063	42560000	domain	440000
chr17	1064	42560000	1070	42840000	domain	280000
chr17	1071	42840000	1074	43000000	domain	160000
chr17	1075	43000000	1080	43240000	domain	240000
chr17	1081	43240000	1082	43320000	gap	80000
chr17	1083	43320000	1104	44200000	domain	880000
chr17	1105	44200000	1108	44360000	domain	160000
chr17	1109	44360000	1112	44520000	domain	160000
chr17	1113	44520000	1116	44680000	domain	160000
chr17	1117	44680000	1121	44880000	domain	200000
chr17	1122	44880000	1127	45120000	domain	240000
chr17	1128	45120000	1135	45440000	domain	320000
chr17	1136	45440000	1140	45640000	gap	200000
chr17	1141	45640000	1151	46080000	domain	440000
chr17	1152	46080000	1167	46720000	gap	640000
chr17	1168	46720000	1174	47000000	domain	280000
chr17	1175	47000000	1176	47080000	gap	80000
chr17	1177	47080000	1186	47480000	domain	400000
chr17	1187	47480000	1189	47600000	gap	120000
chr17	1190	47600000	1195	47840000	domain	240000
chr17	1196	47840000	1199	48000000	domain	160000
chr17	1200	48000000	1203	48160000	domain	160000
chr17	1204	48160000	1215	48640000	domain	480000
chr17	1216	48640000	1221	48880000	domain	240000
chr17	1222	48880000	1230	49240000	domain	360000
chr17	1231	49240000	1234	49400000	domain	160000
chr17	1235	49400000	1238	49560000	domain	160000
chr17	1239	49560000	1245	49840000	domain	280000
chr17	1246	49840000	1258	50360000	domain	520000
chr17	1259	50360000	1261	50480000	domain	120000
chr17	1262	50480000	1267	50720000	domain	240000
chr17	1268	50720000	1270	50840000	domain	120000
chr17	1271	50840000	1274	51000000	domain	160000
chr17	1275	51000000	1281	51280000	domain	280000
chr17	1282	51280000	1289	51600000	domain	320000
chr17	1290	51600000	1293	51760000	domain	160000
chr17	1294	51760000	1303	52160000	domain	400000
chr17	1304	52160000	1308	52360000	domain	200000
chr17	1309	52360000	1325	53040000	domain	680000
chr17	1326	53040000	1328	53160000	domain	120000
chr17	1329	53160000	1337	53520000	domain	360000
chr17	1338	53520000	1353	54160000	domain	640000
chr17	1354	54160000	1359	54400000	domain	240000
chr17	1360	54400000	1373	54960000	domain	560000
chr17	1374	54960000	1383	55360000	domain	400000
chr17	1384	55360000	1387	55520000	domain	160000
chr17	1388	55520000	1395	55840000	domain	320000
chr17	1396	55840000	1402	56120000	domain	280000
chr17	1403	56120000	1407	56320000	domain	200000
chr17	1408	56320000	1411	56480000	domain	160000
chr17	1412	56480000	1419	56800000	domain	320000
chr17	1420	56800000	1423	56960000	domain	160000
chr17	1424	56960000	1427	57120000	domain	160000
chr17	1428	57120000	1445	57840000	domain	720000
chr17	1446	57840000	1449	58000000	domain	160000
chr17	1450	58000000	1462	58520000	domain	520000
chr17	1463	58520000	1476	59080000	domain	560000
chr17	1477	59080000	1488	59560000	domain	480000
chr17	1489	59560000	1489	59600000	gap	40000
chr17	1490	59600000	1498	59960000	domain	360000
chr17	1499	59960000	1500	60040000	gap	80000
chr17	1501	60040000	1504	60200000	domain	160000
chr17	1505	60200000	1505	60240000	gap	40000
chr17	1506	60240000	1510	60440000	domain	200000
chr17	1511	60440000	1516	60680000	domain	240000
chr17	1517	60680000	1524	61000000	domain	320000
chr17	1525	61000000	1534	61400000	domain	400000
chr17	1535	61400000	1539	61600000	domain	200000
chr17	1540	61600000	1545	61840000	domain	240000
chr17	1546	61840000	1551	62080000	domain	240000
chr17	1552	62080000	1555	62240000	domain	160000
chr17	1556	62240000	1556	62280000	gap	40000
chr17	1557	62280000	1561	62480000	domain	200000
chr17	1562	62480000	1563	62560000	gap	80000
chr17	1564	62560000	1574	63000000	domain	440000
chr17	1575	63000000	1584	63400000	domain	400000
chr17	1585	63400000	1590	63640000	domain	240000
chr17	1591	63640000	1595	63840000	domain	200000
chr17	1596	63840000	1600	64040000	domain	200000
chr17	1601	64040000	1603	64160000	domain	120000
chr17	1604	64160000	1606	64280000	domain	120000
chr17	1607	64280000	1612	64520000	domain	240000
chr17	1613	64520000	1619	64800000	domain	280000
chr17	1620	64800000	1622	64920000	gap	120000
chr17	1623	64920000	1630	65240000	domain	320000
chr17	1631	65240000	1638	65560000	domain	320000
chr17	1639	65560000	1649	66000000	domain	440000
chr17	1650	66000000	1653	66160000	domain	160000
chr17	1654	66160000	1666	66680000	domain	520000
chr17	1667	66680000	1672	66920000	domain	240000
chr17	1673	66920000	1683	67360000	domain	440000
chr17	1684	67360000	1692	67720000	domain	360000
chr17	1693	67720000	1699	68000000	domain	280000
chr17	1700	68000000	1711	68480000	domain	480000
chr17	1712	68480000	1718	68760000	domain	280000
chr17	1719	68760000	1732	69320000	domain	560000
chr17	1733	69320000	1738	69560000	domain	240000
chr17	1739	69560000	1753	70160000	domain	600000
chr17	1754	70160000	1765	70640000	domain	480000
chr17	1766	70640000	1785	71440000	domain	800000
chr17	1786	71440000	1791	71680000	domain	240000
chr17	1792	71680000	1802	72120000	domain	440000
chr17	1803	72120000	1813	72560000	domain	440000
chr17	1814	72560000	1817	72720000	domain	160000
chr17	1818	72720000	1829	73200000	domain	480000
chr17	1830	73200000	1834	73400000	domain	200000
chr17	1835	73400000	1854	74200000	domain	800000
chr17	1855	74200000	1858	74360000	domain	160000
chr17	1859	74360000	1862	74520000	domain	160000
chr17	1863	74520000	1871	74880000	domain	360000
chr17	1872	74880000	1881	75280000	domain	400000
chr17	1882	75280000	1889	75600000	domain	320000
chr17	1890	75600000	1893	75760000	domain	160000
chr17	1894	75760000	1896	75880000	domain	120000
chr17	1897	75880000	1901	76080000	domain	200000
chr17	1902	76080000	1906	76280000	domain	200000
chr17	1907	76280000	1917	76720000	domain	440000
chr17	1918	76720000	1926	77080000	domain	360000
chr17	1927	77080000	1931	77280000	domain	200000
chr17	1932	77280000	1937	77520000	domain	240000
chr17	1938	77520000	1951	78080000	domain	560000
chr17	1952	78080000	1956	78280000	domain	200000
chr17	1957	78280000	1960	78440000	domain	160000
chr17	1961	78440000	1966	78680000	domain	240000
chr17	1967	78680000	1970	78840000	domain	160000
chr17	1971	78840000	1974	79000000	domain	160000
chr17	1975	79000000	1984	79400000	domain	400000
chr17	1985	79400000	1992	79720000	domain	320000
chr17	1993	79720000	1999	80000000	domain	280000
chr17	2000	80000000	2009	80400000	domain	400000
chr17	2010	80400000	2023	80960000	domain	560000
chr17	2024	80960000	2027	81120000	domain	160000
chr17	2028	81120000	2030	81240000	domain	120000
chr17	2031	81240000	2037	81520000	domain	280000
chr17	2038	81520000	2042	81720000	domain	200000
chr17	2043	81720000	2044	81800000	gap	80000
chr17	2045	81800000	2054	82200000	domain	400000
chr17	2055	82200000	2064	82600000	domain	400000
chr17	2065	82600000	2068	82760000	domain	160000
chr17	2069	82760000	2079	83200000	domain	440000
chr17	2080	83200000	2081	83257441	gap	57441
