chr	from.id	from.coord	to.id	to.coord	tag	size
chr5	1	0	1	40000	gap	40000
chr5	2	40000	11	440000	domain	400000
chr5	12	440000	17	680000	domain	240000
chr5	18	680000	21	840000	gap	160000
chr5	22	840000	30	1200000	domain	360000
chr5	31	1200000	34	1360000	domain	160000
chr5	35	1360000	41	1640000	domain	280000
chr5	42	1640000	55	2200000	domain	560000
chr5	56	2200000	69	2760000	domain	560000
chr5	70	2760000	79	3160000	domain	400000
chr5	80	3160000	90	3600000	domain	440000
chr5	91	3600000	99	3960000	domain	360000
chr5	100	3960000	105	4200000	domain	240000
chr5	106	4200000	115	4600000	domain	400000
chr5	116	4600000	122	4880000	domain	280000
chr5	123	4880000	128	5120000	domain	240000
chr5	129	5120000	137	5480000	domain	360000
chr5	138	5480000	147	5880000	domain	400000
chr5	148	5880000	165	6600000	domain	720000
chr5	166	6600000	169	6760000	domain	160000
chr5	170	6760000	182	7280000	domain	520000
chr5	183	7280000	183	7320000	gap	40000
chr5	184	7320000	193	7720000	domain	400000
chr5	194	7720000	197	7880000	domain	160000
chr5	198	7880000	218	8720000	domain	840000
chr5	219	8720000	225	9000000	domain	280000
chr5	226	9000000	229	9160000	domain	160000
chr5	230	9160000	240	9600000	domain	440000
chr5	241	9600000	256	10240000	domain	640000
chr5	257	10240000	261	10440000	domain	200000
chr5	262	10440000	267	10680000	domain	240000
chr5	268	10680000	274	10960000	domain	280000
chr5	275	10960000	301	12040000	domain	1080000
chr5	302	12040000	310	12400000	domain	360000
chr5	311	12400000	315	12600000	domain	200000
chr5	316	12600000	322	12880000	domain	280000
chr5	323	12880000	337	13480000	domain	600000
chr5	338	13480000	349	13960000	domain	480000
chr5	350	13960000	358	14320000	domain	360000
chr5	359	14320000	367	14680000	domain	360000
chr5	368	14680000	376	15040000	domain	360000
chr5	377	15040000	387	15480000	domain	440000
chr5	388	15480000	400	16000000	domain	520000
chr5	401	16000000	404	16160000	domain	160000
chr5	405	16160000	412	16480000	domain	320000
chr5	413	16480000	417	16680000	domain	200000
chr5	418	16680000	420	16800000	domain	120000
chr5	421	16800000	430	17200000	domain	400000
chr5	431	17200000	438	17520000	domain	320000
chr5	439	17520000	440	17600000	gap	80000
chr5	441	17600000	459	18360000	domain	760000
chr5	460	18360000	467	18680000	domain	320000
chr5	468	18680000	479	19160000	domain	480000
chr5	480	19160000	485	19400000	domain	240000
chr5	486	19400000	491	19640000	domain	240000
chr5	492	19640000	506	20240000	domain	600000
chr5	507	20240000	517	20680000	domain	440000
chr5	518	20680000	524	20960000	gap	280000
chr5	525	20960000	532	21280000	domain	320000
chr5	533	21280000	539	21560000	gap	280000
chr5	540	21560000	545	21800000	domain	240000
chr5	546	21800000	549	21960000	domain	160000
chr5	550	21960000	556	22240000	gap	280000
chr5	557	22240000	579	23160000	domain	920000
chr5	580	23160000	594	23760000	domain	600000
chr5	595	23760000	600	24000000	domain	240000
chr5	601	24000000	605	24200000	domain	200000
chr5	606	24200000	612	24480000	domain	280000
chr5	613	24480000	616	24640000	domain	160000
chr5	617	24640000	622	24880000	domain	240000
chr5	623	24880000	632	25280000	domain	400000
chr5	633	25280000	638	25520000	domain	240000
chr5	639	25520000	643	25720000	domain	200000
chr5	644	25720000	650	26000000	domain	280000
chr5	651	26000000	658	26320000	domain	320000
chr5	659	26320000	669	26760000	domain	440000
chr5	670	26760000	673	26920000	domain	160000
chr5	674	26920000	698	27920000	domain	1000000
chr5	699	27920000	705	28200000	domain	280000
chr5	706	28200000	709	28360000	domain	160000
chr5	710	28360000	719	28760000	domain	400000
chr5	720	28760000	723	28920000	domain	160000
chr5	724	28920000	745	29800000	domain	880000
chr5	746	29800000	751	30040000	domain	240000
chr5	752	30040000	760	30400000	domain	360000
chr5	761	30400000	770	30800000	domain	400000
chr5	771	30800000	781	31240000	domain	440000
chr5	782	31240000	785	31400000	domain	160000
chr5	786	31400000	789	31560000	domain	160000
chr5	790	31560000	795	31800000	domain	240000
chr5	796	31800000	802	32080000	domain	280000
chr5	803	32080000	823	32920000	domain	840000
chr5	824	32920000	836	33440000	domain	520000
chr5	837	33440000	852	34080000	domain	640000
chr5	853	34080000	860	34400000	gap	320000
chr5	861	34400000	873	34920000	domain	520000
chr5	874	34920000	899	35960000	domain	1040000
chr5	900	35960000	903	36120000	domain	160000
chr5	904	36120000	910	36400000	domain	280000
chr5	911	36400000	917	36680000	domain	280000
chr5	918	36680000	922	36880000	domain	200000
chr5	923	36880000	936	37440000	domain	560000
chr5	937	37440000	937	37480000	gap	40000
chr5	938	37480000	946	37840000	domain	360000
chr5	947	37840000	955	38200000	domain	360000
chr5	956	38200000	960	38400000	domain	200000
chr5	961	38400000	971	38840000	domain	440000
chr5	972	38840000	978	39120000	domain	280000
chr5	979	39120000	984	39360000	domain	240000
chr5	985	39360000	989	39560000	domain	200000
chr5	990	39560000	999	39960000	domain	400000
chr5	1000	39960000	1004	40160000	domain	200000
chr5	1005	40160000	1017	40680000	domain	520000
chr5	1018	40680000	1022	40880000	domain	200000
chr5	1023	40880000	1031	41240000	domain	360000
chr5	1032	41240000	1042	41680000	domain	440000
chr5	1043	41680000	1046	41840000	domain	160000
chr5	1047	41840000	1053	42120000	domain	280000
chr5	1054	42120000	1060	42400000	domain	280000
chr5	1061	42400000	1069	42760000	domain	360000
chr5	1070	42760000	1078	43120000	domain	360000
chr5	1079	43120000	1088	43520000	domain	400000
chr5	1089	43520000	1093	43720000	domain	200000
chr5	1094	43720000	1099	43960000	domain	240000
chr5	1100	43960000	1107	44280000	domain	320000
chr5	1108	44280000	1113	44520000	domain	240000
chr5	1114	44520000	1120	44800000	domain	280000
chr5	1121	44800000	1127	45080000	domain	280000
chr5	1128	45080000	1134	45360000	domain	280000
chr5	1135	45360000	1143	45720000	domain	360000
chr5	1144	45720000	1147	45880000	domain	160000
chr5	1148	45880000	1267	50680000	gap	4800000
chr5	1268	50680000	1274	50960000	domain	280000
chr5	1275	50960000	1284	51360000	domain	400000
chr5	1285	51360000	1296	51840000	domain	480000
chr5	1297	51840000	1299	51960000	domain	120000
chr5	1300	51960000	1314	52560000	domain	600000
chr5	1315	52560000	1316	52640000	domain	80000
chr5	1317	52640000	1323	52920000	domain	280000
chr5	1324	52920000	1328	53120000	domain	200000
chr5	1329	53120000	1337	53480000	domain	360000
chr5	1338	53480000	1347	53880000	domain	400000
chr5	1348	53880000	1356	54240000	domain	360000
chr5	1357	54240000	1363	54520000	domain	280000
chr5	1364	54520000	1372	54880000	domain	360000
chr5	1373	54880000	1379	55160000	domain	280000
chr5	1380	55160000	1385	55400000	domain	240000
chr5	1386	55400000	1393	55720000	domain	320000
chr5	1394	55720000	1399	55960000	domain	240000
chr5	1400	55960000	1406	56240000	domain	280000
chr5	1407	56240000	1421	56840000	domain	600000
chr5	1422	56840000	1432	57280000	domain	440000
chr5	1433	57280000	1437	57480000	domain	200000
chr5	1438	57480000	1462	58480000	domain	1000000
chr5	1463	58480000	1471	58840000	domain	360000
chr5	1472	58840000	1480	59200000	domain	360000
chr5	1481	59200000	1485	59400000	domain	200000
chr5	1486	59400000	1495	59800000	domain	400000
chr5	1496	59800000	1517	60680000	domain	880000
chr5	1518	60680000	1523	60920000	domain	240000
chr5	1524	60920000	1533	61320000	domain	400000
chr5	1534	61320000	1541	61640000	domain	320000
chr5	1542	61640000	1555	62200000	domain	560000
chr5	1556	62200000	1561	62440000	domain	240000
chr5	1562	62440000	1570	62800000	domain	360000
chr5	1571	62800000	1601	64040000	domain	1240000
chr5	1602	64040000	1616	64640000	domain	600000
chr5	1617	64640000	1620	64800000	domain	160000
chr5	1621	64800000	1639	65560000	domain	760000
chr5	1640	65560000	1643	65720000	domain	160000
chr5	1644	65720000	1654	66160000	domain	440000
chr5	1655	66160000	1670	66800000	domain	640000
chr5	1671	66800000	1681	67240000	domain	440000
chr5	1682	67240000	1707	68280000	domain	1040000
chr5	1708	68280000	1726	69040000	domain	760000
chr5	1727	69040000	1738	69520000	domain	480000
chr5	1739	69520000	1786	71440000	gap	1920000
chr5	1787	71440000	1794	71760000	domain	320000
chr5	1795	71760000	1803	72120000	domain	360000
chr5	1804	72120000	1808	72320000	domain	200000
chr5	1809	72320000	1814	72560000	domain	240000
chr5	1815	72560000	1821	72840000	domain	280000
chr5	1822	72840000	1827	73080000	domain	240000
chr5	1828	73080000	1839	73560000	domain	480000
chr5	1840	73560000	1847	73880000	domain	320000
chr5	1848	73880000	1866	74640000	domain	760000
chr5	1867	74640000	1873	74920000	domain	280000
chr5	1874	74920000	1884	75360000	domain	440000
chr5	1885	75360000	1893	75720000	domain	360000
chr5	1894	75720000	1901	76040000	domain	320000
chr5	1902	76040000	1907	76280000	domain	240000
chr5	1908	76280000	1915	76600000	domain	320000
chr5	1916	76600000	1920	76800000	domain	200000
chr5	1921	76800000	1926	77040000	domain	240000
chr5	1927	77040000	1938	77520000	domain	480000
chr5	1939	77520000	1950	78000000	domain	480000
chr5	1951	78000000	1975	79000000	domain	1000000
chr5	1976	79000000	1987	79480000	domain	480000
chr5	1988	79480000	1998	79920000	domain	440000
chr5	1999	79920000	2002	80080000	domain	160000
chr5	2003	80080000	2008	80320000	domain	240000
chr5	2009	80320000	2012	80480000	domain	160000
chr5	2013	80480000	2017	80680000	domain	200000
chr5	2018	80680000	2031	81240000	domain	560000
chr5	2032	81240000	2033	81320000	domain	80000
chr5	2034	81320000	2043	81720000	domain	400000
chr5	2044	81720000	2057	82280000	domain	560000
chr5	2058	82280000	2066	82640000	domain	360000
chr5	2067	82640000	2090	83600000	domain	960000
chr5	2091	83600000	2095	83800000	domain	200000
chr5	2096	83800000	2105	84200000	domain	400000
chr5	2106	84200000	2115	84600000	domain	400000
chr5	2116	84600000	2125	85000000	domain	400000
chr5	2126	85000000	2128	85120000	domain	120000
chr5	2129	85120000	2134	85360000	domain	240000
chr5	2135	85360000	2141	85640000	domain	280000
chr5	2142	85640000	2149	85960000	domain	320000
chr5	2150	85960000	2157	86280000	domain	320000
chr5	2158	86280000	2158	86320000	gap	40000
chr5	2159	86320000	2165	86600000	domain	280000
chr5	2166	86600000	2175	87000000	domain	400000
chr5	2176	87000000	2182	87280000	domain	280000
chr5	2183	87280000	2185	87400000	domain	120000
chr5	2186	87400000	2194	87760000	domain	360000
chr5	2195	87760000	2204	88160000	domain	400000
chr5	2205	88160000	2218	88720000	domain	560000
chr5	2219	88720000	2222	88880000	domain	160000
chr5	2223	88880000	2223	88920000	gap	40000
chr5	2224	88920000	2260	90400000	domain	1480000
chr5	2261	90400000	2266	90640000	domain	240000
chr5	2267	90640000	2271	90840000	domain	200000
chr5	2272	90840000	2286	91440000	domain	600000
chr5	2287	91440000	2292	91680000	domain	240000
chr5	2293	91680000	2307	92280000	domain	600000
chr5	2308	92280000	2322	92880000	domain	600000
chr5	2323	92880000	2339	93560000	domain	680000
chr5	2340	93560000	2353	94120000	domain	560000
chr5	2354	94120000	2373	94920000	domain	800000
chr5	2374	94920000	2381	95240000	domain	320000
chr5	2382	95240000	2387	95480000	domain	240000
chr5	2388	95480000	2396	95840000	domain	360000
chr5	2397	95840000	2409	96360000	domain	520000
chr5	2410	96360000	2415	96600000	domain	240000
chr5	2416	96600000	2419	96760000	domain	160000
chr5	2420	96760000	2430	97200000	domain	440000
chr5	2431	97200000	2439	97560000	domain	360000
chr5	2440	97560000	2456	98240000	domain	680000
chr5	2457	98240000	2460	98400000	domain	160000
chr5	2461	98400000	2469	98760000	domain	360000
chr5	2470	98760000	2480	99200000	domain	440000
chr5	2481	99200000	2481	99240000	gap	40000
chr5	2482	99240000	2485	99400000	domain	160000
chr5	2486	99400000	2489	99560000	gap	160000
chr5	2490	99560000	2501	100040000	domain	480000
chr5	2502	100040000	2503	100120000	gap	80000
chr5	2504	100120000	2508	100320000	domain	200000
chr5	2509	100320000	2510	100400000	gap	80000
chr5	2511	100400000	2530	101200000	domain	800000
chr5	2531	101200000	2535	101400000	domain	200000
chr5	2536	101400000	2548	101920000	domain	520000
chr5	2549	101920000	2558	102320000	domain	400000
chr5	2559	102320000	2563	102520000	domain	200000
chr5	2564	102520000	2580	103200000	domain	680000
chr5	2581	103200000	2589	103560000	domain	360000
chr5	2590	103560000	2611	104440000	domain	880000
chr5	2612	104440000	2629	105160000	domain	720000
chr5	2630	105160000	2653	106120000	domain	960000
chr5	2654	106120000	2667	106680000	domain	560000
chr5	2668	106680000	2668	106720000	gap	40000
chr5	2669	106720000	2672	106880000	domain	160000
chr5	2673	106880000	2692	107680000	domain	800000
chr5	2693	107680000	2697	107880000	domain	200000
chr5	2698	107880000	2710	108400000	domain	520000
chr5	2711	108400000	2716	108640000	domain	240000
chr5	2717	108640000	2733	109320000	domain	680000
chr5	2734	109320000	2737	109480000	domain	160000
chr5	2738	109480000	2742	109680000	domain	200000
chr5	2743	109680000	2762	110480000	domain	800000
chr5	2763	110480000	2769	110760000	domain	280000
chr5	2770	110760000	2778	111120000	domain	360000
chr5	2779	111120000	2788	111520000	domain	400000
chr5	2789	111520000	2804	112160000	domain	640000
chr5	2805	112160000	2811	112440000	domain	280000
chr5	2812	112440000	2825	113000000	domain	560000
chr5	2826	113000000	2840	113600000	domain	600000
chr5	2841	113600000	2852	114080000	domain	480000
chr5	2853	114080000	2859	114360000	domain	280000
chr5	2860	114360000	2870	114800000	domain	440000
chr5	2871	114800000	2877	115080000	domain	280000
chr5	2878	115080000	2882	115280000	domain	200000
chr5	2883	115280000	2891	115640000	domain	360000
chr5	2892	115640000	2896	115840000	domain	200000
chr5	2897	115840000	2902	116080000	domain	240000
chr5	2903	116080000	2914	116560000	domain	480000
chr5	2915	116560000	2936	117440000	domain	880000
chr5	2937	117440000	2965	118600000	domain	1160000
chr5	2966	118600000	2974	118960000	domain	360000
chr5	2975	118960000	2986	119440000	domain	480000
chr5	2987	119440000	2994	119760000	domain	320000
chr5	2995	119760000	2998	119920000	domain	160000
chr5	2999	119920000	3012	120480000	domain	560000
chr5	3013	120480000	3020	120800000	domain	320000
chr5	3021	120800000	3049	121960000	domain	1160000
chr5	3050	121960000	3055	122200000	domain	240000
chr5	3056	122200000	3076	123040000	domain	840000
chr5	3077	123040000	3084	123360000	domain	320000
chr5	3085	123360000	3091	123640000	domain	280000
chr5	3092	123640000	3119	124760000	domain	1120000
chr5	3120	124760000	3153	126120000	domain	1360000
chr5	3154	126120000	3158	126320000	domain	200000
chr5	3159	126320000	3165	126600000	domain	280000
chr5	3166	126600000	3171	126840000	domain	240000
chr5	3172	126840000	3182	127280000	domain	440000
chr5	3183	127280000	3188	127520000	domain	240000
chr5	3189	127520000	3194	127760000	domain	240000
chr5	3195	127760000	3205	128200000	domain	440000
chr5	3206	128200000	3213	128520000	domain	320000
chr5	3214	128520000	3222	128880000	domain	360000
chr5	3223	128880000	3228	129120000	domain	240000
chr5	3229	129120000	3244	129760000	domain	640000
chr5	3245	129760000	3247	129880000	domain	120000
chr5	3248	129880000	3253	130120000	domain	240000
chr5	3254	130120000	3278	131120000	domain	1000000
chr5	3279	131120000	3286	131440000	domain	320000
chr5	3287	131440000	3295	131800000	domain	360000
chr5	3296	131800000	3304	132160000	domain	360000
chr5	3305	132160000	3313	132520000	domain	360000
chr5	3314	132520000	3322	132880000	domain	360000
chr5	3323	132880000	3327	133080000	domain	200000
chr5	3328	133080000	3341	133640000	domain	560000
chr5	3342	133640000	3350	134000000	domain	360000
chr5	3351	134000000	3354	134160000	domain	160000
chr5	3355	134160000	3358	134320000	domain	160000
chr5	3359	134320000	3365	134600000	domain	280000
chr5	3366	134600000	3373	134920000	domain	320000
chr5	3374	134920000	3380	135200000	domain	280000
chr5	3381	135200000	3385	135400000	domain	200000
chr5	3386	135400000	3394	135760000	domain	360000
chr5	3395	135760000	3395	135800000	gap	40000
chr5	3396	135800000	3402	136080000	domain	280000
chr5	3403	136080000	3406	136240000	domain	160000
chr5	3407	136240000	3420	136800000	domain	560000
chr5	3421	136800000	3424	136960000	domain	160000
chr5	3425	136960000	3433	137320000	domain	360000
chr5	3434	137320000	3440	137600000	domain	280000
chr5	3441	137600000	3444	137760000	domain	160000
chr5	3445	137760000	3454	138160000	domain	400000
chr5	3455	138160000	3459	138360000	domain	200000
chr5	3460	138360000	3464	138560000	domain	200000
chr5	3465	138560000	3482	139280000	domain	720000
chr5	3483	139280000	3494	139760000	domain	480000
chr5	3495	139760000	3501	140040000	domain	280000
chr5	3502	140040000	3505	140200000	domain	160000
chr5	3506	140200000	3509	140360000	domain	160000
chr5	3510	140360000	3518	140720000	domain	360000
chr5	3519	140720000	3527	141080000	domain	360000
chr5	3528	141080000	3539	141560000	domain	480000
chr5	3540	141560000	3541	141640000	domain	80000
chr5	3542	141640000	3549	141960000	domain	320000
chr5	3550	141960000	3554	142160000	domain	200000
chr5	3555	142160000	3559	142360000	domain	200000
chr5	3560	142360000	3564	142560000	domain	200000
chr5	3565	142560000	3568	142720000	domain	160000
chr5	3569	142720000	3573	142920000	domain	200000
chr5	3574	142920000	3585	143400000	domain	480000
chr5	3586	143400000	3605	144200000	domain	800000
chr5	3606	144200000	3647	145880000	domain	1680000
chr5	3648	145880000	3653	146120000	domain	240000
chr5	3654	146120000	3657	146280000	domain	160000
chr5	3658	146280000	3663	146520000	domain	240000
chr5	3664	146520000	3670	146800000	domain	280000
chr5	3671	146800000	3675	147000000	domain	200000
chr5	3676	147000000	3680	147200000	domain	200000
chr5	3681	147200000	3685	147400000	domain	200000
chr5	3686	147400000	3690	147600000	domain	200000
chr5	3691	147600000	3696	147840000	domain	240000
chr5	3697	147840000	3711	148440000	domain	600000
chr5	3712	148440000	3718	148720000	domain	280000
chr5	3719	148720000	3728	149120000	domain	400000
chr5	3729	149120000	3732	149280000	domain	160000
chr5	3733	149280000	3736	149440000	domain	160000
chr5	3737	149440000	3740	149600000	domain	160000
chr5	3741	149600000	3746	149840000	domain	240000
chr5	3747	149840000	3750	150000000	domain	160000
chr5	3751	150000000	3761	150440000	domain	440000
chr5	3762	150440000	3775	151000000	domain	560000
chr5	3776	151000000	3782	151280000	domain	280000
chr5	3783	151280000	3788	151520000	domain	240000
chr5	3789	151520000	3795	151800000	domain	280000
chr5	3796	151800000	3813	152520000	domain	720000
chr5	3814	152520000	3831	153240000	domain	720000
chr5	3832	153240000	3836	153440000	domain	200000
chr5	3837	153440000	3842	153680000	domain	240000
chr5	3843	153680000	3849	153960000	domain	280000
chr5	3850	153960000	3861	154440000	domain	480000
chr5	3862	154440000	3866	154640000	domain	200000
chr5	3867	154640000	3874	154960000	domain	320000
chr5	3875	154960000	3893	155720000	domain	760000
chr5	3894	155720000	3898	155920000	domain	200000
chr5	3899	155920000	3921	156840000	domain	920000
chr5	3922	156840000	3929	157160000	domain	320000
chr5	3930	157160000	3937	157480000	domain	320000
chr5	3938	157480000	3944	157760000	domain	280000
chr5	3945	157760000	3950	158000000	domain	240000
chr5	3951	158000000	3967	158680000	domain	680000
chr5	3968	158680000	3978	159120000	domain	440000
chr5	3979	159120000	3986	159440000	domain	320000
chr5	3987	159440000	4000	160000000	domain	560000
chr5	4001	160000000	4010	160400000	domain	400000
chr5	4011	160400000	4024	160960000	domain	560000
chr5	4025	160960000	4038	161520000	domain	560000
chr5	4039	161520000	4046	161840000	domain	320000
chr5	4047	161840000	4088	163520000	domain	1680000
chr5	4089	163520000	4100	164000000	domain	480000
chr5	4101	164000000	4131	165240000	domain	1240000
chr5	4132	165240000	4181	167240000	domain	2000000
chr5	4182	167240000	4190	167600000	domain	360000
chr5	4191	167600000	4201	168040000	domain	440000
chr5	4202	168040000	4206	168240000	domain	200000
chr5	4207	168240000	4217	168680000	domain	440000
chr5	4218	168680000	4224	168960000	domain	280000
chr5	4225	168960000	4230	169200000	domain	240000
chr5	4231	169200000	4233	169320000	domain	120000
chr5	4234	169320000	4240	169600000	domain	280000
chr5	4241	169600000	4250	170000000	domain	400000
chr5	4251	170000000	4256	170240000	domain	240000
chr5	4257	170240000	4261	170440000	domain	200000
chr5	4262	170440000	4266	170640000	domain	200000
chr5	4267	170640000	4271	170840000	domain	200000
chr5	4272	170840000	4285	171400000	domain	560000
chr5	4286	171400000	4290	171600000	domain	200000
chr5	4291	171600000	4297	171880000	domain	280000
chr5	4298	171880000	4301	172040000	domain	160000
chr5	4302	172040000	4308	172320000	domain	280000
chr5	4309	172320000	4312	172480000	domain	160000
chr5	4313	172480000	4318	172720000	domain	240000
chr5	4319	172720000	4324	172960000	domain	240000
chr5	4325	172960000	4329	173160000	domain	200000
chr5	4330	173160000	4332	173280000	domain	120000
chr5	4333	173280000	4340	173600000	domain	320000
chr5	4341	173600000	4350	174000000	domain	400000
chr5	4351	174000000	4358	174320000	domain	320000
chr5	4359	174320000	4370	174800000	domain	480000
chr5	4371	174800000	4374	174960000	domain	160000
chr5	4375	174960000	4387	175480000	domain	520000
chr5	4388	175480000	4393	175720000	domain	240000
chr5	4394	175720000	4398	175920000	domain	200000
chr5	4399	175920000	4407	176280000	gap	360000
chr5	4408	176280000	4416	176640000	domain	360000
chr5	4417	176640000	4426	177040000	domain	400000
chr5	4427	177040000	4432	177280000	domain	240000
chr5	4433	177280000	4441	177640000	domain	360000
chr5	4442	177640000	4451	178040000	gap	400000
chr5	4452	178040000	4456	178240000	domain	200000
chr5	4457	178240000	4465	178600000	domain	360000
chr5	4466	178600000	4478	179120000	domain	520000
chr5	4479	179120000	4488	179520000	domain	400000
chr5	4489	179520000	4498	179920000	domain	400000
chr5	4499	179920000	4503	180120000	domain	200000
chr5	4504	180120000	4512	180480000	domain	360000
chr5	4513	180480000	4519	180760000	domain	280000
chr5	4520	180760000	4524	180960000	domain	200000
chr5	4525	180960000	4525	181000000	gap	40000
chr5	4526	181000000	4532	181280000	domain	280000
chr5	4533	181280000	4537	181480000	gap	200000
