chr	from.id	from.coord	to.id	to.coord	tag	size
chr10	1	0	2	80000	gap	80000
chr10	3	80000	12	480000	domain	400000
chr10	13	480000	20	800000	domain	320000
chr10	21	800000	28	1120000	domain	320000
chr10	29	1120000	43	1720000	domain	600000
chr10	44	1720000	70	2800000	domain	1080000
chr10	71	2800000	76	3040000	domain	240000
chr10	77	3040000	80	3200000	domain	160000
chr10	81	3200000	94	3760000	domain	560000
chr10	95	3760000	116	4640000	domain	880000
chr10	117	4640000	120	4800000	domain	160000
chr10	121	4800000	124	4960000	domain	160000
chr10	125	4960000	125	5000000	gap	40000
chr10	126	5000000	135	5400000	domain	400000
chr10	136	5400000	141	5640000	domain	240000
chr10	142	5640000	148	5920000	domain	280000
chr10	149	5920000	152	6080000	domain	160000
chr10	153	6080000	161	6440000	domain	360000
chr10	162	6440000	168	6720000	domain	280000
chr10	169	6720000	177	7080000	domain	360000
chr10	178	7080000	181	7240000	domain	160000
chr10	182	7240000	186	7440000	domain	200000
chr10	187	7440000	201	8040000	domain	600000
chr10	202	8040000	221	8840000	domain	800000
chr10	222	8840000	233	9320000	domain	480000
chr10	234	9320000	246	9840000	domain	520000
chr10	247	9840000	253	10120000	domain	280000
chr10	254	10120000	276	11040000	domain	920000
chr10	277	11040000	282	11280000	domain	240000
chr10	283	11280000	287	11480000	domain	200000
chr10	288	11480000	294	11760000	domain	280000
chr10	295	11760000	306	12240000	domain	480000
chr10	307	12240000	318	12720000	domain	480000
chr10	319	12720000	327	13080000	domain	360000
chr10	328	13080000	333	13320000	domain	240000
chr10	334	13320000	339	13560000	domain	240000
chr10	340	13560000	345	13800000	domain	240000
chr10	346	13800000	362	14480000	domain	680000
chr10	363	14480000	371	14840000	domain	360000
chr10	372	14840000	379	15160000	domain	320000
chr10	380	15160000	385	15400000	domain	240000
chr10	386	15400000	393	15720000	domain	320000
chr10	394	15720000	397	15880000	domain	160000
chr10	398	15880000	420	16800000	domain	920000
chr10	421	16800000	432	17280000	domain	480000
chr10	433	17280000	437	17480000	domain	200000
chr10	438	17480000	440	17600000	domain	120000
chr10	441	17600000	453	18120000	domain	520000
chr10	454	18120000	456	18240000	domain	120000
chr10	457	18240000	464	18560000	domain	320000
chr10	465	18560000	465	18600000	gap	40000
chr10	466	18600000	477	19080000	domain	480000
chr10	478	19080000	485	19400000	domain	320000
chr10	486	19400000	495	19800000	domain	400000
chr10	496	19800000	507	20280000	domain	480000
chr10	508	20280000	520	20800000	domain	520000
chr10	521	20800000	526	21040000	domain	240000
chr10	527	21040000	532	21280000	domain	240000
chr10	533	21280000	537	21480000	domain	200000
chr10	538	21480000	549	21960000	domain	480000
chr10	550	21960000	577	23080000	domain	1120000
chr10	578	23080000	583	23320000	domain	240000
chr10	584	23320000	588	23520000	domain	200000
chr10	589	23520000	592	23680000	domain	160000
chr10	593	23680000	600	24000000	domain	320000
chr10	601	24000000	605	24200000	domain	200000
chr10	606	24200000	614	24560000	domain	360000
chr10	615	24560000	627	25080000	domain	520000
chr10	628	25080000	639	25560000	domain	480000
chr10	640	25560000	643	25720000	domain	160000
chr10	644	25720000	649	25960000	domain	240000
chr10	650	25960000	657	26280000	domain	320000
chr10	658	26280000	667	26680000	domain	400000
chr10	668	26680000	672	26880000	domain	200000
chr10	673	26880000	682	27280000	domain	400000
chr10	683	27280000	683	27320000	gap	40000
chr10	684	27320000	710	28400000	domain	1080000
chr10	711	28400000	716	28640000	domain	240000
chr10	717	28640000	729	29160000	domain	520000
chr10	730	29160000	734	29360000	domain	200000
chr10	735	29360000	744	29760000	domain	400000
chr10	745	29760000	749	29960000	domain	200000
chr10	750	29960000	766	30640000	domain	680000
chr10	767	30640000	776	31040000	domain	400000
chr10	777	31040000	795	31800000	domain	760000
chr10	796	31800000	801	32040000	domain	240000
chr10	802	32040000	806	32240000	domain	200000
chr10	807	32240000	812	32480000	domain	240000
chr10	813	32480000	826	33040000	domain	560000
chr10	827	33040000	829	33160000	domain	120000
chr10	830	33160000	833	33320000	domain	160000
chr10	834	33320000	866	34640000	domain	1320000
chr10	867	34640000	875	35000000	domain	360000
chr10	876	35000000	881	35240000	domain	240000
chr10	882	35240000	891	35640000	domain	400000
chr10	892	35640000	920	36800000	domain	1160000
chr10	921	36800000	927	37080000	domain	280000
chr10	928	37080000	930	37200000	gap	120000
chr10	931	37200000	938	37520000	domain	320000
chr10	939	37520000	944	37760000	domain	240000
chr10	945	37760000	955	38200000	domain	440000
chr10	956	38200000	1061	42440000	gap	4240000
chr10	1062	42440000	1070	42800000	domain	360000
chr10	1071	42800000	1078	43120000	domain	320000
chr10	1079	43120000	1087	43480000	domain	360000
chr10	1088	43480000	1092	43680000	domain	200000
chr10	1093	43680000	1099	43960000	domain	280000
chr10	1100	43960000	1110	44400000	domain	440000
chr10	1111	44400000	1122	44880000	domain	480000
chr10	1123	44880000	1131	45240000	domain	360000
chr10	1132	45240000	1142	45680000	domain	440000
chr10	1143	45680000	1175	47000000	gap	1320000
chr10	1176	47000000	1186	47440000	domain	440000
chr10	1187	47440000	1205	48200000	gap	760000
chr10	1206	48200000	1209	48360000	domain	160000
chr10	1210	48360000	1217	48680000	domain	320000
chr10	1218	48680000	1224	48960000	domain	280000
chr10	1225	48960000	1229	49160000	domain	200000
chr10	1230	49160000	1235	49400000	domain	240000
chr10	1236	49400000	1239	49560000	domain	160000
chr10	1240	49560000	1246	49840000	domain	280000
chr10	1247	49840000	1255	50200000	gap	360000
chr10	1256	50200000	1266	50640000	domain	440000
chr10	1267	50640000	1270	50800000	gap	160000
chr10	1271	50800000	1274	50960000	domain	160000
chr10	1275	50960000	1301	52040000	domain	1080000
chr10	1302	52040000	1307	52280000	domain	240000
chr10	1308	52280000	1315	52600000	domain	320000
chr10	1316	52600000	1321	52840000	domain	240000
chr10	1322	52840000	1330	53200000	domain	360000
chr10	1331	53200000	1361	54440000	domain	1240000
chr10	1362	54440000	1369	54760000	domain	320000
chr10	1370	54760000	1378	55120000	domain	360000
chr10	1379	55120000	1384	55360000	domain	240000
chr10	1385	55360000	1388	55520000	domain	160000
chr10	1389	55520000	1394	55760000	domain	240000
chr10	1395	55760000	1395	55800000	gap	40000
chr10	1396	55800000	1401	56040000	domain	240000
chr10	1402	56040000	1411	56440000	domain	400000
chr10	1412	56440000	1432	57280000	domain	840000
chr10	1433	57280000	1441	57640000	domain	360000
chr10	1442	57640000	1454	58160000	domain	520000
chr10	1455	58160000	1460	58400000	domain	240000
chr10	1461	58400000	1469	58760000	domain	360000
chr10	1470	58760000	1481	59240000	domain	480000
chr10	1482	59240000	1490	59600000	domain	360000
chr10	1491	59600000	1501	60040000	domain	440000
chr10	1502	60040000	1511	60440000	domain	400000
chr10	1512	60440000	1520	60800000	domain	360000
chr10	1521	60800000	1557	62280000	domain	1480000
chr10	1558	62280000	1565	62600000	domain	320000
chr10	1566	62600000	1579	63160000	domain	560000
chr10	1580	63160000	1596	63840000	domain	680000
chr10	1597	63840000	1602	64080000	domain	240000
chr10	1603	64080000	1619	64760000	domain	680000
chr10	1620	64760000	1643	65720000	domain	960000
chr10	1644	65720000	1648	65920000	domain	200000
chr10	1649	65920000	1664	66560000	domain	640000
chr10	1665	66560000	1673	66920000	domain	360000
chr10	1674	66920000	1689	67560000	domain	640000
chr10	1690	67560000	1696	67840000	domain	280000
chr10	1697	67840000	1709	68360000	domain	520000
chr10	1710	68360000	1724	68960000	domain	600000
chr10	1725	68960000	1729	69160000	domain	200000
chr10	1730	69160000	1735	69400000	domain	240000
chr10	1736	69400000	1748	69920000	domain	520000
chr10	1749	69920000	1755	70200000	domain	280000
chr10	1756	70200000	1760	70400000	domain	200000
chr10	1761	70400000	1764	70560000	domain	160000
chr10	1765	70560000	1769	70760000	domain	200000
chr10	1770	70760000	1773	70920000	domain	160000
chr10	1774	70920000	1782	71280000	domain	360000
chr10	1783	71280000	1791	71640000	domain	360000
chr10	1792	71640000	1797	71880000	domain	240000
chr10	1798	71880000	1809	72360000	domain	480000
chr10	1810	72360000	1822	72880000	domain	520000
chr10	1823	72880000	1826	73040000	domain	160000
chr10	1827	73040000	1837	73480000	domain	440000
chr10	1838	73480000	1842	73680000	domain	200000
chr10	1843	73680000	1843	73720000	gap	40000
chr10	1844	73720000	1852	74080000	domain	360000
chr10	1853	74080000	1856	74240000	domain	160000
chr10	1857	74240000	1878	75120000	domain	880000
chr10	1879	75120000	1881	75240000	domain	120000
chr10	1882	75240000	1885	75400000	domain	160000
chr10	1886	75400000	1901	76040000	domain	640000
chr10	1902	76040000	1929	77160000	domain	1120000
chr10	1930	77160000	1951	78040000	domain	880000
chr10	1952	78040000	1981	79240000	domain	1200000
chr10	1982	79240000	1983	79320000	domain	80000
chr10	1984	79320000	1988	79520000	domain	200000
chr10	1989	79520000	1998	79920000	gap	400000
chr10	1999	79920000	2005	80200000	domain	280000
chr10	2006	80200000	2006	80240000	gap	40000
chr10	2007	80240000	2014	80560000	domain	320000
chr10	2015	80560000	2017	80680000	domain	120000
chr10	2018	80680000	2030	81200000	domain	520000
chr10	2031	81200000	2033	81320000	domain	120000
chr10	2034	81320000	2044	81760000	domain	440000
chr10	2045	81760000	2047	81880000	domain	120000
chr10	2048	81880000	2069	82760000	domain	880000
chr10	2070	82760000	2097	83880000	domain	1120000
chr10	2098	83880000	2103	84120000	domain	240000
chr10	2104	84120000	2106	84240000	domain	120000
chr10	2107	84240000	2114	84560000	domain	320000
chr10	2115	84560000	2120	84800000	domain	240000
chr10	2121	84800000	2137	85480000	domain	680000
chr10	2138	85480000	2159	86360000	domain	880000
chr10	2160	86360000	2166	86640000	domain	280000
chr10	2167	86640000	2175	87000000	domain	360000
chr10	2176	87000000	2188	87520000	gap	520000
chr10	2189	87520000	2195	87800000	domain	280000
chr10	2196	87800000	2215	88600000	domain	800000
chr10	2216	88600000	2220	88800000	domain	200000
chr10	2221	88800000	2231	89240000	domain	440000
chr10	2232	89240000	2236	89440000	domain	200000
chr10	2237	89440000	2241	89640000	domain	200000
chr10	2242	89640000	2244	89760000	domain	120000
chr10	2245	89760000	2254	90160000	domain	400000
chr10	2255	90160000	2268	90720000	domain	560000
chr10	2269	90720000	2272	90880000	domain	160000
chr10	2273	90880000	2276	91040000	domain	160000
chr10	2277	91040000	2282	91280000	domain	240000
chr10	2283	91280000	2291	91640000	domain	360000
chr10	2292	91640000	2294	91760000	domain	120000
chr10	2295	91760000	2299	91960000	domain	200000
chr10	2300	91960000	2312	92480000	domain	520000
chr10	2313	92480000	2321	92840000	domain	360000
chr10	2322	92840000	2327	93080000	domain	240000
chr10	2328	93080000	2333	93320000	domain	240000
chr10	2334	93320000	2338	93520000	domain	200000
chr10	2339	93520000	2342	93680000	domain	160000
chr10	2343	93680000	2347	93880000	domain	200000
chr10	2348	93880000	2365	94600000	domain	720000
chr10	2366	94600000	2378	95120000	domain	520000
chr10	2379	95120000	2385	95400000	domain	280000
chr10	2386	95400000	2392	95680000	domain	280000
chr10	2393	95680000	2405	96200000	domain	520000
chr10	2406	96200000	2409	96360000	domain	160000
chr10	2410	96360000	2413	96520000	domain	160000
chr10	2414	96520000	2416	96640000	domain	120000
chr10	2417	96640000	2420	96800000	domain	160000
chr10	2421	96800000	2426	97040000	domain	240000
chr10	2427	97040000	2431	97240000	domain	200000
chr10	2432	97240000	2435	97400000	domain	160000
chr10	2436	97400000	2444	97760000	domain	360000
chr10	2445	97760000	2453	98120000	domain	360000
chr10	2454	98120000	2461	98440000	domain	320000
chr10	2462	98440000	2484	99360000	domain	920000
chr10	2485	99360000	2491	99640000	domain	280000
chr10	2492	99640000	2496	99840000	domain	200000
chr10	2497	99840000	2514	100560000	domain	720000
chr10	2515	100560000	2522	100880000	domain	320000
chr10	2523	100880000	2529	101160000	domain	280000
chr10	2530	101160000	2540	101600000	domain	440000
chr10	2541	101600000	2545	101800000	domain	200000
chr10	2546	101800000	2553	102120000	domain	320000
chr10	2554	102120000	2566	102640000	domain	520000
chr10	2567	102640000	2573	102920000	domain	280000
chr10	2574	102920000	2577	103080000	domain	160000
chr10	2578	103080000	2584	103360000	domain	280000
chr10	2585	103360000	2590	103600000	domain	240000
chr10	2591	103600000	2593	103720000	domain	120000
chr10	2594	103720000	2597	103880000	domain	160000
chr10	2598	103880000	2606	104240000	domain	360000
chr10	2607	104240000	2609	104360000	domain	120000
chr10	2610	104360000	2616	104640000	domain	280000
chr10	2617	104640000	2624	104960000	domain	320000
chr10	2625	104960000	2639	105560000	domain	600000
chr10	2640	105560000	2648	105920000	domain	360000
chr10	2649	105920000	2659	106360000	domain	440000
chr10	2660	106360000	2665	106600000	domain	240000
chr10	2666	106600000	2685	107400000	domain	800000
chr10	2686	107400000	2696	107840000	domain	440000
chr10	2697	107840000	2714	108560000	domain	720000
chr10	2715	108560000	2722	108880000	domain	320000
chr10	2723	108880000	2745	109800000	domain	920000
chr10	2746	109800000	2746	109840000	gap	40000
chr10	2747	109840000	2753	110120000	domain	280000
chr10	2754	110120000	2758	110320000	domain	200000
chr10	2759	110320000	2765	110600000	domain	280000
chr10	2766	110600000	2773	110920000	domain	320000
chr10	2774	110920000	2776	111040000	domain	120000
chr10	2777	111040000	2785	111400000	domain	360000
chr10	2786	111400000	2793	111720000	domain	320000
chr10	2794	111720000	2804	112160000	domain	440000
chr10	2805	112160000	2812	112480000	domain	320000
chr10	2813	112480000	2829	113160000	domain	680000
chr10	2830	113160000	2835	113400000	domain	240000
chr10	2836	113400000	2842	113680000	domain	280000
chr10	2843	113680000	2853	114120000	domain	440000
chr10	2854	114120000	2857	114280000	domain	160000
chr10	2858	114280000	2861	114440000	domain	160000
chr10	2862	114440000	2871	114840000	domain	400000
chr10	2872	114840000	2879	115160000	domain	320000
chr10	2880	115160000	2886	115440000	domain	280000
chr10	2887	115440000	2892	115680000	domain	240000
chr10	2893	115680000	2907	116280000	domain	600000
chr10	2908	116280000	2910	116400000	domain	120000
chr10	2911	116400000	2920	116800000	domain	400000
chr10	2921	116800000	2930	117200000	domain	400000
chr10	2931	117200000	2937	117480000	domain	280000
chr10	2938	117480000	2956	118240000	domain	760000
chr10	2957	118240000	2964	118560000	domain	320000
chr10	2965	118560000	2971	118840000	domain	280000
chr10	2972	118840000	2976	119040000	domain	200000
chr10	2977	119040000	2980	119200000	domain	160000
chr10	2981	119200000	2986	119440000	domain	240000
chr10	2987	119440000	2990	119600000	domain	160000
chr10	2991	119600000	2998	119920000	domain	320000
chr10	2999	119920000	3011	120440000	domain	520000
chr10	3012	120440000	3023	120920000	domain	480000
chr10	3024	120920000	3040	121600000	domain	680000
chr10	3041	121600000	3047	121880000	domain	280000
chr10	3048	121880000	3057	122280000	domain	400000
chr10	3058	122280000	3065	122600000	domain	320000
chr10	3066	122600000	3073	122920000	domain	320000
chr10	3074	122920000	3089	123560000	domain	640000
chr10	3090	123560000	3099	123960000	domain	400000
chr10	3100	123960000	3110	124400000	domain	440000
chr10	3111	124400000	3130	125200000	domain	800000
chr10	3131	125200000	3144	125760000	domain	560000
chr10	3145	125760000	3150	126000000	domain	240000
chr10	3151	126000000	3159	126360000	domain	360000
chr10	3160	126360000	3163	126520000	domain	160000
chr10	3164	126520000	3197	127880000	domain	1360000
chr10	3198	127880000	3206	128240000	domain	360000
chr10	3207	128240000	3213	128520000	domain	280000
chr10	3214	128520000	3226	129040000	domain	520000
chr10	3227	129040000	3267	130680000	domain	1640000
chr10	3268	130680000	3275	131000000	domain	320000
chr10	3276	131000000	3283	131320000	domain	320000
chr10	3284	131320000	3297	131880000	domain	560000
chr10	3298	131880000	3301	132040000	domain	160000
chr10	3302	132040000	3304	132160000	domain	120000
chr10	3305	132160000	3309	132360000	domain	200000
chr10	3310	132360000	3316	132640000	domain	280000
chr10	3317	132640000	3320	132800000	domain	160000
chr10	3321	132800000	3329	133160000	domain	360000
chr10	3330	133160000	3339	133560000	domain	400000
chr10	3340	133560000	3345	133797422	gap	237422
