chr	from.id	from.coord	to.id	to.coord	tag	size
chr3	1	0	1	40000	gap	40000
chr3	2	40000	14	560000	domain	520000
chr3	15	560000	16	640000	gap	80000
chr3	17	640000	21	840000	domain	200000
chr3	22	840000	26	1040000	domain	200000
chr3	27	1040000	76	3040000	domain	2000000
chr3	77	3040000	80	3200000	domain	160000
chr3	81	3200000	107	4280000	domain	1080000
chr3	108	4280000	116	4640000	domain	360000
chr3	117	4640000	128	5120000	domain	480000
chr3	129	5120000	145	5800000	domain	680000
chr3	146	5800000	158	6320000	domain	520000
chr3	159	6320000	167	6680000	domain	360000
chr3	168	6680000	170	6800000	domain	120000
chr3	171	6800000	189	7560000	domain	760000
chr3	190	7560000	194	7760000	domain	200000
chr3	195	7760000	211	8440000	domain	680000
chr3	212	8440000	216	8640000	domain	200000
chr3	217	8640000	220	8800000	domain	160000
chr3	221	8800000	233	9320000	domain	520000
chr3	234	9320000	238	9520000	domain	200000
chr3	239	9520000	242	9680000	domain	160000
chr3	243	9680000	251	10040000	domain	360000
chr3	252	10040000	258	10320000	domain	280000
chr3	259	10320000	269	10760000	domain	440000
chr3	270	10760000	273	10920000	domain	160000
chr3	274	10920000	277	11080000	domain	160000
chr3	278	11080000	284	11360000	domain	280000
chr3	285	11360000	292	11680000	domain	320000
chr3	293	11680000	297	11880000	domain	200000
chr3	298	11880000	302	12080000	domain	200000
chr3	303	12080000	312	12480000	domain	400000
chr3	313	12480000	319	12760000	domain	280000
chr3	320	12760000	321	12840000	domain	80000
chr3	322	12840000	327	13080000	domain	240000
chr3	328	13080000	337	13480000	domain	400000
chr3	338	13480000	342	13680000	domain	200000
chr3	343	13680000	346	13840000	domain	160000
chr3	347	13840000	353	14120000	domain	280000
chr3	354	14120000	362	14480000	domain	360000
chr3	363	14480000	366	14640000	domain	160000
chr3	367	14640000	373	14920000	domain	280000
chr3	374	14920000	377	15080000	domain	160000
chr3	378	15080000	381	15240000	domain	160000
chr3	382	15240000	385	15400000	domain	160000
chr3	386	15400000	390	15600000	domain	200000
chr3	391	15600000	396	15840000	domain	240000
chr3	397	15840000	401	16040000	domain	200000
chr3	402	16040000	407	16280000	domain	240000
chr3	408	16280000	415	16600000	domain	320000
chr3	416	16600000	431	17240000	domain	640000
chr3	432	17240000	436	17440000	domain	200000
chr3	437	17440000	447	17880000	domain	440000
chr3	448	17880000	458	18320000	domain	440000
chr3	459	18320000	476	19040000	domain	720000
chr3	477	19040000	497	19880000	domain	840000
chr3	498	19880000	505	20200000	domain	320000
chr3	506	20200000	525	21000000	domain	800000
chr3	526	21000000	530	21200000	domain	200000
chr3	531	21200000	538	21520000	domain	320000
chr3	539	21520000	548	21920000	domain	400000
chr3	549	21920000	554	22160000	domain	240000
chr3	555	22160000	563	22520000	domain	360000
chr3	564	22520000	573	22920000	domain	400000
chr3	574	22920000	600	24000000	domain	1080000
chr3	601	24000000	606	24240000	domain	240000
chr3	607	24240000	617	24680000	domain	440000
chr3	618	24680000	624	24960000	domain	280000
chr3	625	24960000	640	25600000	domain	640000
chr3	641	25600000	668	26720000	domain	1120000
chr3	669	26720000	678	27120000	domain	400000
chr3	679	27120000	682	27280000	domain	160000
chr3	683	27280000	693	27720000	domain	440000
chr3	694	27720000	698	27920000	domain	200000
chr3	699	27920000	709	28360000	domain	440000
chr3	710	28360000	720	28800000	domain	440000
chr3	721	28800000	744	29760000	domain	960000
chr3	745	29760000	750	30000000	domain	240000
chr3	751	30000000	769	30760000	domain	760000
chr3	770	30760000	788	31520000	domain	760000
chr3	789	31520000	800	32000000	domain	480000
chr3	801	32000000	804	32160000	domain	160000
chr3	805	32160000	809	32360000	domain	200000
chr3	810	32360000	817	32680000	domain	320000
chr3	818	32680000	828	33120000	domain	440000
chr3	829	33120000	835	33400000	domain	280000
chr3	836	33400000	847	33880000	domain	480000
chr3	848	33880000	852	34080000	domain	200000
chr3	853	34080000	882	35280000	domain	1200000
chr3	883	35280000	899	35960000	domain	680000
chr3	900	35960000	903	36120000	domain	160000
chr3	904	36120000	914	36560000	domain	440000
chr3	915	36560000	917	36680000	domain	120000
chr3	918	36680000	925	37000000	domain	320000
chr3	926	37000000	931	37240000	domain	240000
chr3	932	37240000	945	37800000	domain	560000
chr3	946	37800000	963	38520000	domain	720000
chr3	964	38520000	967	38680000	domain	160000
chr3	968	38680000	976	39040000	domain	360000
chr3	977	39040000	985	39400000	domain	360000
chr3	986	39400000	993	39720000	domain	320000
chr3	994	39720000	1005	40200000	domain	480000
chr3	1006	40200000	1008	40320000	domain	120000
chr3	1009	40320000	1014	40560000	domain	240000
chr3	1015	40560000	1047	41880000	domain	1320000
chr3	1048	41880000	1056	42240000	domain	360000
chr3	1057	42240000	1061	42440000	domain	200000
chr3	1062	42440000	1065	42600000	domain	160000
chr3	1066	42600000	1069	42760000	domain	160000
chr3	1070	42760000	1074	42960000	domain	200000
chr3	1075	42960000	1079	43160000	domain	200000
chr3	1080	43160000	1088	43520000	domain	360000
chr3	1089	43520000	1107	44280000	domain	760000
chr3	1108	44280000	1113	44520000	domain	240000
chr3	1114	44520000	1125	45000000	domain	480000
chr3	1126	45000000	1131	45240000	domain	240000
chr3	1132	45240000	1143	45720000	domain	480000
chr3	1144	45720000	1148	45920000	domain	200000
chr3	1149	45920000	1152	46080000	domain	160000
chr3	1153	46080000	1161	46440000	domain	360000
chr3	1162	46440000	1169	46760000	domain	320000
chr3	1170	46760000	1170	46800000	gap	40000
chr3	1171	46800000	1184	47360000	domain	560000
chr3	1185	47360000	1188	47520000	domain	160000
chr3	1189	47520000	1195	47800000	domain	280000
chr3	1196	47800000	1204	48160000	domain	360000
chr3	1205	48160000	1214	48560000	domain	400000
chr3	1215	48560000	1224	48960000	domain	400000
chr3	1225	48960000	1237	49480000	domain	520000
chr3	1238	49480000	1242	49680000	domain	200000
chr3	1243	49680000	1248	49920000	domain	240000
chr3	1249	49920000	1259	50360000	domain	440000
chr3	1260	50360000	1267	50680000	domain	320000
chr3	1268	50680000	1284	51360000	domain	680000
chr3	1285	51360000	1293	51720000	domain	360000
chr3	1294	51720000	1298	51920000	domain	200000
chr3	1299	51920000	1304	52160000	domain	240000
chr3	1305	52160000	1310	52400000	domain	240000
chr3	1311	52400000	1327	53080000	domain	680000
chr3	1328	53080000	1334	53360000	domain	280000
chr3	1335	53360000	1348	53920000	domain	560000
chr3	1349	53920000	1360	54400000	domain	480000
chr3	1361	54400000	1370	54800000	domain	400000
chr3	1371	54800000	1387	55480000	domain	680000
chr3	1388	55480000	1407	56280000	domain	800000
chr3	1408	56280000	1413	56520000	domain	240000
chr3	1414	56520000	1417	56680000	domain	160000
chr3	1418	56680000	1425	57000000	domain	320000
chr3	1426	57000000	1431	57240000	domain	240000
chr3	1432	57240000	1446	57840000	domain	600000
chr3	1447	57840000	1454	58160000	domain	320000
chr3	1455	58160000	1458	58320000	domain	160000
chr3	1459	58320000	1464	58560000	domain	240000
chr3	1465	58560000	1466	58640000	domain	80000
chr3	1467	58640000	1469	58760000	domain	120000
chr3	1470	58760000	1480	59200000	domain	440000
chr3	1481	59200000	1489	59560000	domain	360000
chr3	1490	59560000	1497	59880000	domain	320000
chr3	1498	59880000	1538	61520000	domain	1640000
chr3	1539	61520000	1555	62200000	domain	680000
chr3	1556	62200000	1565	62600000	domain	400000
chr3	1566	62600000	1581	63240000	domain	640000
chr3	1582	63240000	1596	63840000	domain	600000
chr3	1597	63840000	1601	64040000	domain	200000
chr3	1602	64040000	1613	64520000	domain	480000
chr3	1614	64520000	1618	64720000	domain	200000
chr3	1619	64720000	1631	65240000	domain	520000
chr3	1632	65240000	1636	65440000	domain	200000
chr3	1637	65440000	1644	65760000	domain	320000
chr3	1645	65760000	1656	66240000	domain	480000
chr3	1657	66240000	1663	66520000	domain	280000
chr3	1664	66520000	1672	66880000	domain	360000
chr3	1673	66880000	1695	67800000	domain	920000
chr3	1696	67800000	1722	68880000	domain	1080000
chr3	1723	68880000	1725	69000000	domain	120000
chr3	1726	69000000	1733	69320000	domain	320000
chr3	1734	69320000	1737	69480000	domain	160000
chr3	1738	69480000	1742	69680000	domain	200000
chr3	1743	69680000	1750	70000000	domain	320000
chr3	1751	70000000	1774	70960000	domain	960000
chr3	1775	70960000	1783	71320000	domain	360000
chr3	1784	71320000	1792	71680000	domain	360000
chr3	1793	71680000	1816	72640000	domain	960000
chr3	1817	72640000	1821	72840000	domain	200000
chr3	1822	72840000	1827	73080000	domain	240000
chr3	1828	73080000	1836	73440000	domain	360000
chr3	1837	73440000	1847	73880000	domain	440000
chr3	1848	73880000	1857	74280000	domain	400000
chr3	1858	74280000	1866	74640000	domain	360000
chr3	1867	74640000	1875	75000000	domain	360000
chr3	1876	75000000	1880	75200000	domain	200000
chr3	1881	75200000	1884	75360000	domain	160000
chr3	1885	75360000	1899	75960000	gap	600000
chr3	1900	75960000	1916	76640000	domain	680000
chr3	1917	76640000	1921	76840000	domain	200000
chr3	1922	76840000	1933	77320000	domain	480000
chr3	1934	77320000	1959	78360000	domain	1040000
chr3	1960	78360000	1966	78640000	domain	280000
chr3	1967	78640000	1976	79040000	domain	400000
chr3	1977	79040000	1985	79400000	domain	360000
chr3	1986	79400000	1988	79520000	domain	120000
chr3	1989	79520000	2015	80600000	domain	1080000
chr3	2016	80600000	2026	81040000	domain	440000
chr3	2027	81040000	2027	81080000	gap	40000
chr3	2028	81080000	2032	81280000	domain	200000
chr3	2033	81280000	2054	82160000	domain	880000
chr3	2055	82160000	2061	82440000	domain	280000
chr3	2062	82440000	2073	82920000	domain	480000
chr3	2074	82920000	2080	83200000	domain	280000
chr3	2081	83200000	2087	83480000	domain	280000
chr3	2088	83480000	2094	83760000	domain	280000
chr3	2095	83760000	2098	83920000	domain	160000
chr3	2099	83920000	2100	84000000	boundary	80000
chr3	2101	84000000	2102	84080000	domain	80000
chr3	2103	84080000	2108	84320000	domain	240000
chr3	2109	84320000	2111	84440000	domain	120000
chr3	2112	84440000	2113	84520000	domain	80000
chr3	2114	84520000	2121	84840000	domain	320000
chr3	2122	84840000	2134	85360000	domain	520000
chr3	2135	85360000	2168	86720000	domain	1360000
chr3	2169	86720000	2174	86960000	domain	240000
chr3	2175	86960000	2181	87240000	domain	280000
chr3	2182	87240000	2188	87520000	domain	280000
chr3	2189	87520000	2200	88000000	domain	480000
chr3	2201	88000000	2205	88200000	domain	200000
chr3	2206	88200000	2217	88680000	domain	480000
chr3	2218	88680000	2222	88880000	domain	200000
chr3	2223	88880000	2227	89080000	domain	200000
chr3	2228	89080000	2256	90240000	domain	1160000
chr3	2257	90240000	2346	93840000	gap	3600000
chr3	2347	93840000	2353	94120000	domain	280000
chr3	2354	94120000	2358	94320000	domain	200000
chr3	2359	94320000	2368	94720000	domain	400000
chr3	2369	94720000	2370	94800000	domain	80000
chr3	2371	94800000	2384	95360000	domain	560000
chr3	2385	95360000	2397	95880000	domain	520000
chr3	2398	95880000	2408	96320000	domain	440000
chr3	2409	96320000	2422	96880000	domain	560000
chr3	2423	96880000	2426	97040000	domain	160000
chr3	2427	97040000	2444	97760000	domain	720000
chr3	2445	97760000	2451	98040000	domain	280000
chr3	2452	98040000	2459	98360000	domain	320000
chr3	2460	98360000	2462	98480000	domain	120000
chr3	2463	98480000	2471	98840000	domain	360000
chr3	2472	98840000	2487	99480000	domain	640000
chr3	2488	99480000	2495	99800000	domain	320000
chr3	2496	99800000	2501	100040000	domain	240000
chr3	2502	100040000	2507	100280000	domain	240000
chr3	2508	100280000	2515	100600000	domain	320000
chr3	2516	100600000	2530	101200000	domain	600000
chr3	2531	101200000	2542	101680000	domain	480000
chr3	2543	101680000	2545	101800000	domain	120000
chr3	2546	101800000	2556	102240000	domain	440000
chr3	2557	102240000	2563	102520000	domain	280000
chr3	2564	102520000	2582	103280000	domain	760000
chr3	2583	103280000	2591	103640000	domain	360000
chr3	2592	103640000	2602	104080000	domain	440000
chr3	2603	104080000	2614	104560000	domain	480000
chr3	2615	104560000	2626	105040000	domain	480000
chr3	2627	105040000	2634	105360000	domain	320000
chr3	2635	105360000	2655	106200000	domain	840000
chr3	2656	106200000	2666	106640000	domain	440000
chr3	2667	106640000	2680	107200000	domain	560000
chr3	2681	107200000	2712	108480000	domain	1280000
chr3	2713	108480000	2716	108640000	domain	160000
chr3	2717	108640000	2724	108960000	domain	320000
chr3	2725	108960000	2730	109200000	domain	240000
chr3	2731	109200000	2743	109720000	domain	520000
chr3	2744	109720000	2777	111080000	domain	1360000
chr3	2778	111080000	2784	111360000	domain	280000
chr3	2785	111360000	2789	111560000	domain	200000
chr3	2790	111560000	2793	111720000	domain	160000
chr3	2794	111720000	2803	112120000	domain	400000
chr3	2804	112120000	2814	112560000	domain	440000
chr3	2815	112560000	2825	113000000	domain	440000
chr3	2826	113000000	2833	113320000	domain	320000
chr3	2834	113320000	2836	113440000	domain	120000
chr3	2837	113440000	2858	114320000	domain	880000
chr3	2859	114320000	2880	115200000	domain	880000
chr3	2881	115200000	2895	115800000	domain	600000
chr3	2896	115800000	2898	115920000	domain	120000
chr3	2899	115920000	2913	116520000	domain	600000
chr3	2914	116520000	2919	116760000	domain	240000
chr3	2920	116760000	2925	117000000	domain	240000
chr3	2926	117000000	2951	118040000	domain	1040000
chr3	2952	118040000	2964	118560000	domain	520000
chr3	2965	118560000	2971	118840000	domain	280000
chr3	2972	118840000	2978	119120000	domain	280000
chr3	2979	119120000	2982	119280000	domain	160000
chr3	2983	119280000	2992	119680000	domain	400000
chr3	2993	119680000	2997	119880000	domain	200000
chr3	2998	119880000	3005	120200000	domain	320000
chr3	3006	120200000	3010	120400000	domain	200000
chr3	3011	120400000	3014	120560000	domain	160000
chr3	3015	120560000	3031	121240000	domain	680000
chr3	3032	121240000	3052	122080000	domain	840000
chr3	3053	122080000	3057	122280000	domain	200000
chr3	3058	122280000	3068	122720000	domain	440000
chr3	3069	122720000	3072	122880000	domain	160000
chr3	3073	122880000	3082	123280000	domain	400000
chr3	3083	123280000	3089	123560000	domain	280000
chr3	3090	123560000	3094	123760000	domain	200000
chr3	3095	123760000	3118	124720000	domain	960000
chr3	3119	124720000	3123	124920000	domain	200000
chr3	3124	124920000	3142	125680000	domain	760000
chr3	3143	125680000	3149	125960000	gap	280000
chr3	3150	125960000	3153	126120000	domain	160000
chr3	3154	126120000	3163	126520000	domain	400000
chr3	3164	126520000	3175	127000000	domain	480000
chr3	3176	127000000	3181	127240000	domain	240000
chr3	3182	127240000	3189	127560000	domain	320000
chr3	3190	127560000	3196	127840000	domain	280000
chr3	3197	127840000	3200	128000000	domain	160000
chr3	3201	128000000	3204	128160000	domain	160000
chr3	3205	128160000	3215	128600000	domain	440000
chr3	3216	128600000	3223	128920000	domain	320000
chr3	3224	128920000	3228	129120000	domain	200000
chr3	3229	129120000	3233	129320000	domain	200000
chr3	3234	129320000	3241	129640000	domain	320000
chr3	3242	129640000	3250	130000000	domain	360000
chr3	3251	130000000	3255	130200000	gap	200000
chr3	3256	130200000	3267	130680000	domain	480000
chr3	3268	130680000	3276	131040000	domain	360000
chr3	3277	131040000	3288	131520000	domain	480000
chr3	3289	131520000	3311	132440000	domain	920000
chr3	3312	132440000	3318	132720000	domain	280000
chr3	3319	132720000	3340	133600000	domain	880000
chr3	3341	133600000	3355	134200000	domain	600000
chr3	3356	134200000	3363	134520000	domain	320000
chr3	3364	134520000	3370	134800000	domain	280000
chr3	3371	134800000	3376	135040000	domain	240000
chr3	3377	135040000	3387	135480000	domain	440000
chr3	3388	135480000	3398	135920000	domain	440000
chr3	3399	135920000	3402	136080000	domain	160000
chr3	3403	136080000	3419	136760000	domain	680000
chr3	3420	136760000	3427	137080000	domain	320000
chr3	3428	137080000	3451	138040000	domain	960000
chr3	3452	138040000	3473	138920000	domain	880000
chr3	3474	138920000	3485	139400000	domain	480000
chr3	3486	139400000	3498	139920000	domain	520000
chr3	3499	139920000	3502	140080000	domain	160000
chr3	3503	140080000	3522	140880000	domain	800000
chr3	3523	140880000	3530	141200000	domain	320000
chr3	3531	141200000	3547	141880000	domain	680000
chr3	3548	141880000	3558	142320000	domain	440000
chr3	3559	142320000	3570	142800000	domain	480000
chr3	3571	142800000	3575	143000000	domain	200000
chr3	3576	143000000	3592	143680000	domain	680000
chr3	3593	143680000	3599	143960000	domain	280000
chr3	3600	143960000	3621	144840000	domain	880000
chr3	3622	144840000	3631	145240000	domain	400000
chr3	3632	145240000	3632	145280000	gap	40000
chr3	3633	145280000	3644	145760000	domain	480000
chr3	3645	145760000	3651	146040000	domain	280000
chr3	3652	146040000	3655	146200000	domain	160000
chr3	3656	146200000	3660	146400000	domain	200000
chr3	3661	146400000	3668	146720000	domain	320000
chr3	3669	146720000	3709	148360000	domain	1640000
chr3	3710	148360000	3718	148720000	domain	360000
chr3	3719	148720000	3732	149280000	domain	560000
chr3	3733	149280000	3738	149520000	domain	240000
chr3	3739	149520000	3755	150200000	domain	680000
chr3	3756	150200000	3763	150520000	domain	320000
chr3	3764	150520000	3772	150880000	domain	360000
chr3	3773	150880000	3779	151160000	domain	280000
chr3	3780	151160000	3786	151440000	domain	280000
chr3	3787	151440000	3791	151640000	domain	200000
chr3	3792	151640000	3796	151840000	domain	200000
chr3	3797	151840000	3812	152480000	domain	640000
chr3	3813	152480000	3825	153000000	domain	520000
chr3	3826	153000000	3858	154320000	domain	1320000
chr3	3859	154320000	3868	154720000	domain	400000
chr3	3869	154720000	3883	155320000	domain	600000
chr3	3884	155320000	3893	155720000	domain	400000
chr3	3894	155720000	3900	156000000	domain	280000
chr3	3901	156000000	3913	156520000	domain	520000
chr3	3914	156520000	3917	156680000	domain	160000
chr3	3918	156680000	3927	157080000	domain	400000
chr3	3928	157080000	3930	157200000	domain	120000
chr3	3931	157200000	3938	157520000	domain	320000
chr3	3939	157520000	3952	158080000	domain	560000
chr3	3953	158080000	3961	158440000	domain	360000
chr3	3962	158440000	3966	158640000	domain	200000
chr3	3967	158640000	3971	158840000	domain	200000
chr3	3972	158840000	3982	159280000	domain	440000
chr3	3983	159280000	3989	159560000	domain	280000
chr3	3990	159560000	3996	159840000	domain	280000
chr3	3997	159840000	4001	160040000	domain	200000
chr3	4002	160040000	4036	161440000	domain	1400000
chr3	4037	161440000	4047	161880000	domain	440000
chr3	4048	161880000	4075	163000000	domain	1120000
chr3	4076	163000000	4078	163120000	domain	120000
chr3	4079	163120000	4105	164200000	domain	1080000
chr3	4106	164200000	4122	164880000	domain	680000
chr3	4123	164880000	4130	165200000	domain	320000
chr3	4131	165200000	4140	165600000	domain	400000
chr3	4141	165600000	4150	166000000	domain	400000
chr3	4151	166000000	4163	166520000	domain	520000
chr3	4164	166520000	4171	166840000	domain	320000
chr3	4172	166840000	4176	167040000	domain	200000
chr3	4177	167040000	4185	167400000	domain	360000
chr3	4186	167400000	4201	168040000	domain	640000
chr3	4202	168040000	4205	168200000	domain	160000
chr3	4206	168200000	4214	168560000	domain	360000
chr3	4215	168560000	4221	168840000	domain	280000
chr3	4222	168840000	4244	169760000	domain	920000
chr3	4245	169760000	4250	170000000	domain	240000
chr3	4251	170000000	4274	170960000	domain	960000
chr3	4275	170960000	4290	171600000	domain	640000
chr3	4291	171600000	4296	171840000	domain	240000
chr3	4297	171840000	4309	172360000	domain	520000
chr3	4310	172360000	4319	172760000	domain	400000
chr3	4320	172760000	4326	173040000	domain	280000
chr3	4327	173040000	4412	176480000	domain	3440000
chr3	4413	176480000	4424	176960000	domain	480000
chr3	4425	176960000	4438	177520000	domain	560000
chr3	4439	177520000	4441	177640000	domain	120000
chr3	4442	177640000	4460	178400000	domain	760000
chr3	4461	178400000	4475	179000000	domain	600000
chr3	4476	179000000	4483	179320000	domain	320000
chr3	4484	179320000	4490	179600000	domain	280000
chr3	4491	179600000	4502	180080000	domain	480000
chr3	4503	180080000	4507	180280000	domain	200000
chr3	4508	180280000	4515	180600000	domain	320000
chr3	4516	180600000	4522	180880000	domain	280000
chr3	4523	180880000	4530	181200000	domain	320000
chr3	4531	181200000	4556	182240000	domain	1040000
chr3	4557	182240000	4567	182680000	domain	440000
chr3	4568	182680000	4577	183080000	domain	400000
chr3	4578	183080000	4586	183440000	domain	360000
chr3	4587	183440000	4597	183880000	domain	440000
chr3	4598	183880000	4609	184360000	domain	480000
chr3	4610	184360000	4614	184560000	domain	200000
chr3	4615	184560000	4621	184840000	domain	280000
chr3	4622	184840000	4641	185640000	domain	800000
chr3	4642	185640000	4649	185960000	domain	320000
chr3	4650	185960000	4657	186280000	domain	320000
chr3	4658	186280000	4663	186520000	domain	240000
chr3	4664	186520000	4669	186760000	domain	240000
chr3	4670	186760000	4680	187200000	domain	440000
chr3	4681	187200000	4693	187720000	domain	520000
chr3	4694	187720000	4707	188280000	domain	560000
chr3	4708	188280000	4724	188960000	domain	680000
chr3	4725	188960000	4731	189240000	domain	280000
chr3	4732	189240000	4749	189960000	domain	720000
chr3	4750	189960000	4755	190200000	domain	240000
chr3	4756	190200000	4762	190480000	domain	280000
chr3	4763	190480000	4767	190680000	domain	200000
chr3	4768	190680000	4772	190880000	domain	200000
chr3	4773	190880000	4780	191200000	domain	320000
chr3	4781	191200000	4786	191440000	domain	240000
chr3	4787	191440000	4794	191760000	domain	320000
chr3	4795	191760000	4797	191880000	domain	120000
chr3	4798	191880000	4802	192080000	domain	200000
chr3	4803	192080000	4811	192440000	domain	360000
chr3	4812	192440000	4820	192800000	domain	360000
chr3	4821	192800000	4827	193080000	domain	280000
chr3	4828	193080000	4832	193280000	domain	200000
chr3	4833	193280000	4840	193600000	domain	320000
chr3	4841	193600000	4858	194320000	domain	720000
chr3	4859	194320000	4867	194680000	domain	360000
chr3	4868	194680000	4882	195280000	domain	600000
chr3	4883	195280000	4887	195480000	domain	200000
chr3	4888	195480000	4900	196000000	gap	520000
chr3	4901	196000000	4906	196240000	domain	240000
chr3	4907	196240000	4918	196720000	domain	480000
chr3	4919	196720000	4931	197240000	domain	520000
chr3	4932	197240000	4940	197600000	domain	360000
chr3	4941	197600000	4942	197680000	gap	80000
chr3	4943	197680000	4952	198080000	domain	400000
chr3	4953	198080000	4955	198200000	gap	120000
