chr	from.id	from.coord	to.id	to.coord	tag	size
chr11	1	80000	3	200000	gap	120000
chr11	4	200000	27	1160000	domain	960000
chr11	28	1160000	28	1200000	gap	40000
chr11	29	1200000	34	1440000	domain	240000
chr11	35	1440000	35	1480000	gap	40000
chr11	36	1480000	46	1920000	domain	440000
chr11	47	1920000	50	2080000	gap	160000
chr11	51	2080000	79	3240000	domain	1160000
chr11	80	3240000	88	3600000	gap	360000
chr11	89	3600000	103	4200000	domain	600000
chr11	104	4200000	107	4360000	gap	160000
chr11	108	4360000	147	5960000	domain	1600000
chr11	148	5960000	168	6800000	domain	840000
chr11	169	6800000	198	8000000	domain	1200000
chr11	199	8000000	213	8600000	domain	600000
chr11	214	8600000	222	8960000	boundary	360000
chr11	223	8960000	227	9160000	boundary	200000
chr11	228	9160000	236	9520000	boundary	360000
chr11	237	9520000	258	10400000	domain	880000
chr11	259	10400000	267	10760000	boundary	360000
chr11	268	10760000	293	11800000	domain	1040000
chr11	294	11800000	299	12040000	domain	240000
chr11	300	12040000	337	13560000	domain	1520000
chr11	338	13560000	355	14280000	domain	720000
chr11	356	14280000	359	14440000	boundary	160000
chr11	360	14440000	379	15240000	domain	800000
chr11	380	15240000	416	16720000	domain	1480000
chr11	417	16720000	425	17080000	boundary	360000
chr11	426	17080000	428	17200000	boundary	120000
chr11	429	17200000	432	17360000	boundary	160000
chr11	433	17360000	436	17520000	boundary	160000
chr11	437	17520000	471	18920000	domain	1400000
chr11	472	18920000	502	20160000	domain	1240000
chr11	503	20160000	508	20400000	boundary	240000
chr11	509	20400000	514	20640000	boundary	240000
chr11	515	20640000	554	22240000	domain	1600000
chr11	555	22240000	563	22600000	domain	360000
chr11	564	22600000	569	22840000	boundary	240000
chr11	570	22840000	608	24400000	domain	1560000
chr11	609	24400000	647	25960000	domain	1560000
chr11	648	25960000	655	26280000	domain	320000
chr11	656	26280000	686	27520000	domain	1240000
chr11	687	27520000	732	29360000	domain	1840000
chr11	733	29360000	772	30960000	domain	1600000
chr11	773	30960000	775	31080000	boundary	120000
chr11	776	31080000	805	32280000	domain	1200000
chr11	806	32280000	819	32840000	domain	560000
chr11	820	32840000	825	33080000	boundary	240000
chr11	826	33080000	842	33760000	domain	680000
chr11	843	33760000	861	34520000	domain	760000
chr11	862	34520000	871	34920000	domain	400000
chr11	872	34920000	885	35480000	domain	560000
chr11	886	35480000	911	36520000	domain	1040000
chr11	912	36520000	945	37880000	domain	1360000
chr11	946	37880000	969	38840000	domain	960000
chr11	970	38840000	1004	40240000	domain	1400000
chr11	1005	40240000	1034	41440000	domain	1200000
chr11	1035	41440000	1081	43320000	domain	1880000
chr11	1082	43320000	1095	43880000	boundary	560000
chr11	1096	43880000	1099	44040000	boundary	160000
chr11	1100	44040000	1144	45840000	domain	1800000
chr11	1145	45840000	1164	46640000	domain	800000
chr11	1165	46640000	1207	48360000	domain	1720000
chr11	1208	48360000	1381	55320000	gap	6960000
chr11	1382	55320000	1388	55600000	domain	280000
chr11	1389	55600000	1391	55720000	gap	120000
chr11	1392	55720000	1419	56840000	domain	1120000
chr11	1420	56840000	1431	57320000	boundary	480000
chr11	1432	57320000	1439	57640000	boundary	320000
chr11	1440	57640000	1462	58560000	domain	920000
chr11	1463	58560000	1478	59200000	domain	640000
chr11	1479	59200000	1485	59480000	boundary	280000
chr11	1486	59480000	1504	60240000	domain	760000
chr11	1505	60240000	1528	61200000	domain	960000
chr11	1529	61200000	1529	61240000	gap	40000
chr11	1530	61240000	1552	62160000	boundary	920000
chr11	1553	62160000	1557	62360000	boundary	200000
chr11	1558	62360000	1570	62880000	boundary	520000
chr11	1571	62880000	1593	63800000	domain	920000
chr11	1594	63800000	1598	64000000	boundary	200000
chr11	1599	64000000	1604	64240000	boundary	240000
chr11	1605	64240000	1617	64760000	boundary	520000
chr11	1618	64760000	1626	65120000	boundary	360000
chr11	1627	65120000	1639	65640000	boundary	520000
chr11	1640	65640000	1649	66040000	boundary	400000
chr11	1650	66040000	1655	66280000	boundary	240000
chr11	1656	66280000	1691	67720000	domain	1440000
chr11	1692	67720000	1698	68000000	gap	280000
chr11	1699	68000000	1720	68880000	domain	880000
chr11	1721	68880000	1725	69080000	boundary	200000
chr11	1726	69080000	1772	70960000	domain	1880000
chr11	1773	70960000	1775	71080000	gap	120000
chr11	1776	71080000	1788	71600000	domain	520000
chr11	1789	71600000	1795	71880000	gap	280000
chr11	1796	71880000	1816	72720000	domain	840000
chr11	1817	72720000	1843	73800000	domain	1080000
chr11	1844	73800000	1867	74760000	domain	960000
chr11	1868	74760000	1875	75080000	boundary	320000
chr11	1876	75080000	1880	75280000	boundary	200000
chr11	1881	75280000	1883	75400000	boundary	120000
chr11	1884	75400000	1887	75560000	boundary	160000
chr11	1888	75560000	1916	76720000	domain	1160000
chr11	1917	76720000	1921	76920000	boundary	200000
chr11	1922	76920000	1946	77920000	domain	1000000
chr11	1947	77920000	1947	77960000	gap	40000
chr11	1948	77960000	1986	79520000	domain	1560000
chr11	1987	79520000	2031	81320000	domain	1800000
chr11	2032	81320000	2066	82720000	domain	1400000
chr11	2067	82720000	2111	84520000	domain	1800000
chr11	2112	84520000	2138	85600000	domain	1080000
chr11	2139	85600000	2197	87960000	domain	2360000
chr11	2198	87960000	2198	88000000	gap	40000
chr11	2199	88000000	2219	88840000	domain	840000
chr11	2220	88840000	2219	88840000	gap	0
chr11	2220	88840000	2251	90120000	gap	1280000
chr11	2252	90120000	2321	92920000	domain	2800000
chr11	2322	92920000	2343	93800000	domain	880000
chr11	2344	93800000	2363	94600000	domain	800000
chr11	2364	94600000	2372	94960000	domain	360000
chr11	2373	94960000	2393	95800000	domain	840000
chr11	2394	95800000	2409	96440000	domain	640000
chr11	2410	96440000	2434	97440000	domain	1000000
chr11	2435	97440000	2472	98960000	domain	1520000
chr11	2473	98960000	2522	100960000	domain	2000000
chr11	2523	100960000	2549	102040000	domain	1080000
chr11	2550	102040000	2555	102280000	boundary	240000
chr11	2556	102280000	2566	102720000	domain	440000
chr11	2567	102720000	2576	103120000	boundary	400000
chr11	2577	103120000	2589	103640000	domain	520000
chr11	2590	103640000	2647	105960000	domain	2320000
chr11	2648	105960000	2686	107520000	domain	1560000
chr11	2687	107520000	2715	108680000	domain	1160000
chr11	2716	108680000	2746	109920000	domain	1240000
chr11	2747	109920000	2750	110080000	boundary	160000
chr11	2751	110080000	2759	110440000	boundary	360000
chr11	2760	110440000	2787	111560000	domain	1120000
chr11	2788	111560000	2795	111880000	boundary	320000
chr11	2796	111880000	2800	112080000	boundary	200000
chr11	2801	112080000	2864	114640000	domain	2560000
chr11	2865	114640000	2916	116720000	domain	2080000
chr11	2917	116720000	2932	117360000	domain	640000
chr11	2933	117360000	2951	118120000	domain	760000
chr11	2952	118120000	2957	118360000	boundary	240000
chr11	2958	118360000	2981	119320000	domain	960000
chr11	2982	119320000	3006	120320000	domain	1000000
chr11	3007	120320000	3029	121240000	domain	920000
chr11	3030	121240000	3039	121640000	boundary	400000
chr11	3040	121640000	3062	122560000	domain	920000
chr11	3063	122560000	3070	122880000	boundary	320000
chr11	3071	122880000	3075	123080000	boundary	200000
chr11	3076	123080000	3080	123280000	boundary	200000
chr11	3081	123280000	3088	123600000	boundary	320000
chr11	3089	123600000	3092	123760000	boundary	160000
chr11	3093	123760000	3108	124400000	boundary	640000
chr11	3109	124400000	3113	124600000	boundary	200000
chr11	3114	124600000	3120	124880000	boundary	280000
chr11	3121	124880000	3145	125880000	domain	1000000
chr11	3146	125880000	3155	126280000	boundary	400000
chr11	3156	126280000	3159	126440000	boundary	160000
chr11	3160	126440000	3174	127040000	domain	600000
chr11	3175	127040000	3198	128000000	domain	960000
chr11	3199	128000000	3220	128880000	domain	880000
chr11	3221	128880000	3222	128960000	boundary	80000
chr11	3223	128960000	3245	129880000	domain	920000
chr11	3246	129880000	3253	130200000	boundary	320000
chr11	3254	130200000	3271	130920000	domain	720000
chr11	3272	130920000	3291	131720000	domain	800000
chr11	3292	131720000	3324	133040000	domain	1320000
chr11	3325	133040000	3346	133920000	domain	880000
chr11	3347	133920000	3352	134160000	boundary	240000
chr11	3353	134160000	3375	135080000	domain	920000
