chr	from.id	from.coord	to.id	to.coord	tag	size
chr3	1	0	1	40000	gap	40000
chr3	2	40000	14	560000	domain	520000
chr3	15	560000	16	640000	gap	80000
chr3	17	640000	79	3160000	domain	2520000
chr3	80	3160000	108	4320000	domain	1160000
chr3	109	4320000	130	5200000	domain	880000
chr3	131	5200000	170	6800000	domain	1600000
chr3	171	6800000	211	8440000	domain	1640000
chr3	212	8440000	216	8640000	boundary	200000
chr3	217	8640000	233	9320000	boundary	680000
chr3	234	9320000	242	9680000	boundary	360000
chr3	243	9680000	258	10320000	boundary	640000
chr3	259	10320000	277	11080000	domain	760000
chr3	278	11080000	313	12520000	domain	1440000
chr3	314	12520000	321	12840000	boundary	320000
chr3	322	12840000	325	13000000	boundary	160000
chr3	326	13000000	337	13480000	domain	480000
chr3	338	13480000	342	13680000	domain	200000
chr3	343	13680000	347	13880000	boundary	200000
chr3	348	13880000	354	14160000	domain	280000
chr3	355	14160000	366	14640000	domain	480000
chr3	367	14640000	377	15080000	boundary	440000
chr3	378	15080000	390	15600000	boundary	520000
chr3	391	15600000	395	15800000	boundary	200000
chr3	396	15800000	407	16280000	boundary	480000
chr3	408	16280000	414	16560000	boundary	280000
chr3	415	16560000	447	17880000	domain	1320000
chr3	448	17880000	475	19000000	domain	1120000
chr3	476	19000000	508	20320000	domain	1320000
chr3	509	20320000	552	22080000	domain	1760000
chr3	553	22080000	575	23000000	domain	920000
chr3	576	23000000	599	23960000	domain	960000
chr3	600	23960000	618	24720000	domain	760000
chr3	619	24720000	641	25640000	domain	920000
chr3	642	25640000	645	25800000	boundary	160000
chr3	646	25800000	676	27040000	domain	1240000
chr3	677	27040000	678	27120000	boundary	80000
chr3	679	27120000	682	27280000	boundary	160000
chr3	683	27280000	709	28360000	domain	1080000
chr3	710	28360000	750	30000000	domain	1640000
chr3	751	30000000	788	31520000	domain	1520000
chr3	789	31520000	804	32160000	domain	640000
chr3	805	32160000	812	32480000	boundary	320000
chr3	813	32480000	817	32680000	boundary	200000
chr3	818	32680000	823	32920000	boundary	240000
chr3	824	32920000	828	33120000	boundary	200000
chr3	829	33120000	836	33440000	domain	320000
chr3	837	33440000	846	33840000	boundary	400000
chr3	847	33840000	918	36720000	domain	2880000
chr3	919	36720000	922	36880000	boundary	160000
chr3	923	36880000	931	37240000	boundary	360000
chr3	932	37240000	946	37840000	domain	600000
chr3	947	37840000	950	38000000	boundary	160000
chr3	951	38000000	978	39120000	domain	1120000
chr3	979	39120000	985	39400000	boundary	280000
chr3	986	39400000	1008	40320000	domain	920000
chr3	1009	40320000	1013	40520000	boundary	200000
chr3	1014	40520000	1056	42240000	domain	1720000
chr3	1057	42240000	1064	42560000	boundary	320000
chr3	1065	42560000	1073	42920000	boundary	360000
chr3	1074	42920000	1108	44320000	domain	1400000
chr3	1109	44320000	1125	45000000	domain	680000
chr3	1126	45000000	1143	45720000	domain	720000
chr3	1144	45720000	1152	46080000	boundary	360000
chr3	1153	46080000	1162	46480000	domain	400000
chr3	1163	46480000	1167	46680000	boundary	200000
chr3	1168	46680000	1173	46920000	boundary	240000
chr3	1174	46920000	1185	47400000	boundary	480000
chr3	1186	47400000	1195	47800000	domain	400000
chr3	1196	47800000	1205	48200000	domain	400000
chr3	1206	48200000	1217	48680000	boundary	480000
chr3	1218	48680000	1224	48960000	boundary	280000
chr3	1225	48960000	1238	49520000	boundary	560000
chr3	1239	49520000	1259	50360000	boundary	840000
chr3	1260	50360000	1264	50560000	boundary	200000
chr3	1265	50560000	1287	51480000	domain	920000
chr3	1288	51480000	1298	51920000	boundary	440000
chr3	1299	51920000	1304	52160000	boundary	240000
chr3	1305	52160000	1310	52400000	boundary	240000
chr3	1311	52400000	1314	52560000	boundary	160000
chr3	1315	52560000	1332	53280000	boundary	720000
chr3	1333	53280000	1348	53920000	boundary	640000
chr3	1349	53920000	1414	56560000	domain	2640000
chr3	1415	56560000	1425	57000000	domain	440000
chr3	1426	57000000	1450	58000000	domain	1000000
chr3	1451	58000000	1458	58320000	boundary	320000
chr3	1459	58320000	1464	58560000	boundary	240000
chr3	1465	58560000	1466	58640000	boundary	80000
chr3	1467	58640000	1555	62200000	domain	3560000
chr3	1556	62200000	1565	62600000	boundary	400000
chr3	1566	62600000	1596	63840000	domain	1240000
chr3	1597	63840000	1600	64000000	boundary	160000
chr3	1601	64000000	1612	64480000	domain	480000
chr3	1613	64480000	1656	66240000	domain	1760000
chr3	1657	66240000	1672	66880000	domain	640000
chr3	1673	66880000	1725	69000000	domain	2120000
chr3	1726	69000000	1759	70360000	domain	1360000
chr3	1760	70360000	1760	70400000	gap	40000
chr3	1761	70400000	1778	71120000	domain	720000
chr3	1779	71120000	1779	71160000	gap	40000
chr3	1780	71160000	1827	73080000	domain	1920000
chr3	1828	73080000	1838	73520000	boundary	440000
chr3	1839	73520000	1846	73840000	boundary	320000
chr3	1847	73840000	1887	75480000	domain	1640000
chr3	1888	75480000	1899	75960000	gap	480000
chr3	1900	75960000	1982	79280000	domain	3320000
chr3	1983	79280000	1987	79480000	gap	200000
chr3	1988	79480000	2026	81040000	domain	1560000
chr3	2027	81040000	2027	81080000	gap	40000
chr3	2028	81080000	2097	83880000	domain	2800000
chr3	2098	83880000	2102	84080000	boundary	200000
chr3	2103	84080000	2110	84400000	boundary	320000
chr3	2111	84400000	2140	85600000	domain	1200000
chr3	2141	85600000	2168	86720000	domain	1120000
chr3	2169	86720000	2180	87200000	boundary	480000
chr3	2181	87200000	2205	88200000	domain	1000000
chr3	2206	88200000	2256	90240000	domain	2040000
chr3	2257	90240000	2345	93800000	gap	3560000
chr3	2346	93800000	2421	96840000	domain	3040000
chr3	2422	96840000	2444	97760000	domain	920000
chr3	2445	97760000	2451	98040000	boundary	280000
chr3	2452	98040000	2460	98400000	domain	360000
chr3	2461	98400000	2463	98520000	boundary	120000
chr3	2464	98520000	2470	98800000	boundary	280000
chr3	2471	98800000	2495	99800000	domain	1000000
chr3	2496	99800000	2507	100280000	domain	480000
chr3	2508	100280000	2542	101680000	domain	1400000
chr3	2543	101680000	2564	102560000	domain	880000
chr3	2565	102560000	2612	104480000	domain	1920000
chr3	2613	104480000	2639	105560000	domain	1080000
chr3	2640	105560000	2680	107200000	domain	1640000
chr3	2681	107200000	2686	107440000	boundary	240000
chr3	2687	107440000	2715	108600000	domain	1160000
chr3	2716	108600000	2724	108960000	boundary	360000
chr3	2725	108960000	2789	111560000	domain	2600000
chr3	2790	111560000	2791	111640000	boundary	80000
chr3	2792	111640000	2802	112080000	boundary	440000
chr3	2803	112080000	2814	112560000	domain	480000
chr3	2815	112560000	2825	113000000	domain	440000
chr3	2826	113000000	2837	113480000	domain	480000
chr3	2838	113480000	2844	113760000	boundary	280000
chr3	2845	113760000	2849	113960000	boundary	200000
chr3	2850	113960000	2851	114040000	boundary	80000
chr3	2852	114040000	2880	115200000	domain	1160000
chr3	2881	115200000	2898	115920000	domain	720000
chr3	2899	115920000	2919	116760000	domain	840000
chr3	2920	116760000	2951	118040000	domain	1280000
chr3	2952	118040000	2971	118840000	domain	800000
chr3	2972	118840000	2996	119840000	domain	1000000
chr3	2997	119840000	2997	119880000	gap	40000
chr3	2998	119880000	3014	120560000	domain	680000
chr3	3015	120560000	3015	120600000	gap	40000
chr3	3016	120600000	3032	121280000	domain	680000
chr3	3033	121280000	3033	121320000	gap	40000
chr3	3034	121320000	3051	122040000	domain	720000
chr3	3052	122040000	3052	122080000	gap	40000
chr3	3053	122080000	3068	122720000	domain	640000
chr3	3069	122720000	3069	122760000	gap	40000
chr3	3070	122760000	3093	123720000	domain	960000
chr3	3094	123720000	3114	124560000	domain	840000
chr3	3115	124560000	3118	124720000	boundary	160000
chr3	3119	124720000	3142	125680000	domain	960000
chr3	3143	125680000	3149	125960000	gap	280000
chr3	3150	125960000	3189	127560000	domain	1600000
chr3	3190	127560000	3200	128000000	boundary	440000
chr3	3201	128000000	3216	128640000	domain	640000
chr3	3217	128640000	3224	128960000	boundary	320000
chr3	3225	128960000	3250	130000000	domain	1040000
chr3	3251	130000000	3255	130200000	gap	200000
chr3	3256	130200000	3311	132440000	domain	2240000
chr3	3312	132440000	3318	132720000	boundary	280000
chr3	3319	132720000	3345	133800000	domain	1080000
chr3	3346	133800000	3363	134520000	domain	720000
chr3	3364	134520000	3398	135920000	domain	1400000
chr3	3399	135920000	3426	137040000	domain	1120000
chr3	3427	137040000	3451	138040000	domain	1000000
chr3	3452	138040000	3485	139400000	domain	1360000
chr3	3486	139400000	3522	140880000	domain	1480000
chr3	3523	140880000	3531	141240000	boundary	360000
chr3	3532	141240000	3549	141960000	domain	720000
chr3	3550	141960000	3564	142560000	domain	600000
chr3	3565	142560000	3575	143000000	boundary	440000
chr3	3576	143000000	3594	143760000	domain	760000
chr3	3595	143760000	3631	145240000	domain	1480000
chr3	3632	145240000	3632	145280000	gap	40000
chr3	3633	145280000	3655	146200000	domain	920000
chr3	3656	146200000	3667	146680000	domain	480000
chr3	3668	146680000	3708	148320000	domain	1640000
chr3	3709	148320000	3724	148960000	domain	640000
chr3	3725	148960000	3727	149080000	boundary	120000
chr3	3728	149080000	3733	149320000	boundary	240000
chr3	3734	149320000	3745	149800000	boundary	480000
chr3	3746	149800000	3756	150240000	domain	440000
chr3	3757	150240000	3763	150520000	domain	280000
chr3	3764	150520000	3772	150880000	boundary	360000
chr3	3773	150880000	3779	151160000	boundary	280000
chr3	3780	151160000	3783	151320000	domain	160000
chr3	3784	151320000	3825	153000000	domain	1680000
chr3	3826	153000000	3850	154000000	domain	1000000
chr3	3851	154000000	3858	154320000	boundary	320000
chr3	3859	154320000	3898	155920000	domain	1600000
chr3	3899	155920000	3930	157200000	domain	1280000
chr3	3931	157200000	3938	157520000	boundary	320000
chr3	3939	157520000	3966	158640000	domain	1120000
chr3	3967	158640000	3970	158800000	boundary	160000
chr3	3971	158800000	4001	160040000	domain	1240000
chr3	4002	160040000	4013	160520000	boundary	480000
chr3	4014	160520000	4037	161480000	domain	960000
chr3	4038	161480000	4070	162800000	domain	1320000
chr3	4071	162800000	4073	162920000	gap	120000
chr3	4074	162920000	4139	165560000	domain	2640000
chr3	4140	165560000	4140	165600000	gap	40000
chr3	4141	165600000	4184	167360000	domain	1760000
chr3	4185	167360000	4221	168840000	domain	1480000
chr3	4222	168840000	4228	169120000	boundary	280000
chr3	4229	169120000	4244	169760000	domain	640000
chr3	4245	169760000	4254	170160000	boundary	400000
chr3	4255	170160000	4272	170880000	domain	720000
chr3	4273	170880000	4319	172760000	domain	1880000
chr3	4320	172760000	4412	176480000	domain	3720000
chr3	4413	176480000	4421	176840000	boundary	360000
chr3	4422	176840000	4460	178400000	domain	1560000
chr3	4461	178400000	4475	179000000	domain	600000
chr3	4476	179000000	4485	179400000	domain	400000
chr3	4486	179400000	4490	179600000	boundary	200000
chr3	4491	179600000	4568	182720000	domain	3120000
chr3	4569	182720000	4577	183080000	boundary	360000
chr3	4578	183080000	4585	183400000	boundary	320000
chr3	4586	183400000	4597	183880000	domain	480000
chr3	4598	183880000	4609	184360000	boundary	480000
chr3	4610	184360000	4614	184560000	boundary	200000
chr3	4615	184560000	4621	184840000	boundary	280000
chr3	4622	184840000	4641	185640000	domain	800000
chr3	4642	185640000	4645	185800000	boundary	160000
chr3	4646	185800000	4671	186840000	domain	1040000
chr3	4672	186840000	4680	187200000	domain	360000
chr3	4681	187200000	4693	187720000	domain	520000
chr3	4694	187720000	4725	189000000	domain	1280000
chr3	4726	189000000	4731	189240000	boundary	240000
chr3	4732	189240000	4749	189960000	domain	720000
chr3	4750	189960000	4755	190200000	boundary	240000
chr3	4756	190200000	4761	190440000	boundary	240000
chr3	4762	190440000	4778	191120000	domain	680000
chr3	4779	191120000	4784	191360000	boundary	240000
chr3	4785	191360000	4811	192440000	domain	1080000
chr3	4812	192440000	4840	193600000	domain	1160000
chr3	4841	193600000	4861	194440000	domain	840000
chr3	4862	194440000	4887	195480000	domain	1040000
chr3	4888	195480000	4895	195800000	gap	320000
chr3	4896	195800000	4899	195960000	domain	160000
chr3	4900	195960000	4900	196000000	gap	40000
chr3	4901	196000000	4940	197600000	domain	1600000
chr3	4941	197600000	4942	197680000	gap	80000
chr3	4943	197680000	4953	198120000	domain	440000
chr3	4954	198120000	4955	198200000	gap	80000
