chr	from.id	from.coord	to.id	to.coord	tag	size
chr22	1	10510000	626	16770000	gap	6260000
chr22	627	16770000	634	16850000	domain	80000
chr22	635	16850000	640	16910000	gap	60000
chr22	641	16910000	651	17020000	domain	110000
chr22	652	17020000	653	17040000	gap	20000
chr22	654	17040000	678	17290000	domain	250000
chr22	679	17290000	679	17300000	gap	10000
chr22	680	17300000	703	17540000	domain	240000
chr22	704	17540000	711	17620000	boundary	80000
chr22	712	17620000	722	17730000	domain	110000
chr22	723	17730000	725	17760000	boundary	30000
chr22	726	17760000	765	18160000	domain	400000
chr22	766	18160000	845	18960000	gap	800000
chr22	846	18960000	851	19020000	domain	60000
chr22	852	19020000	852	19030000	gap	10000
chr22	853	19030000	892	19430000	domain	400000
chr22	893	19430000	894	19450000	boundary	20000
chr22	895	19450000	918	19690000	domain	240000
chr22	919	19690000	945	19960000	domain	270000
chr22	946	19960000	976	20270000	domain	310000
chr22	977	20270000	986	20370000	gap	100000
chr22	987	20370000	1017	20680000	domain	310000
chr22	1018	20680000	1023	20740000	gap	60000
chr22	1024	20740000	1060	21110000	domain	370000
chr22	1061	21110000	1105	21560000	gap	450000
chr22	1106	21560000	1144	21950000	domain	390000
chr22	1145	21950000	1145	21960000	gap	10000
chr22	1146	21960000	1174	22250000	domain	290000
chr22	1175	22250000	1180	22310000	gap	60000
chr22	1181	22310000	1211	22620000	domain	310000
chr22	1212	22620000	1214	22650000	gap	30000
chr22	1215	22650000	1280	23310000	domain	660000
chr22	1281	23310000	1284	23350000	gap	40000
chr22	1285	23350000	1293	23440000	domain	90000
chr22	1294	23440000	1294	23450000	gap	10000
chr22	1295	23450000	1343	23940000	domain	490000
chr22	1344	23940000	1349	24000000	gap	60000
chr22	1350	24000000	1373	24240000	domain	240000
chr22	1374	24240000	1377	24280000	gap	40000
chr22	1378	24280000	1409	24600000	domain	320000
chr22	1410	24600000	1417	24680000	gap	80000
chr22	1418	24680000	1441	24920000	domain	240000
chr22	1442	24920000	1475	25260000	domain	340000
chr22	1476	25260000	1478	25290000	gap	30000
chr22	1479	25290000	1528	25790000	domain	500000
chr22	1529	25790000	1585	26360000	domain	570000
chr22	1586	26360000	1617	26680000	domain	320000
chr22	1618	26680000	1687	27380000	domain	700000
chr22	1688	27380000	1734	27850000	domain	470000
chr22	1735	27850000	1768	28190000	domain	340000
chr22	1769	28190000	1769	28200000	gap	10000
chr22	1770	28200000	1815	28660000	domain	460000
chr22	1816	28660000	1816	28670000	gap	10000
chr22	1817	28670000	1857	29080000	domain	410000
chr22	1858	29080000	1876	29270000	domain	190000
chr22	1877	29270000	1888	29390000	boundary	120000
chr22	1889	29390000	1908	29590000	domain	200000
chr22	1909	29590000	1959	30100000	domain	510000
chr22	1960	30100000	1975	30260000	domain	160000
chr22	1976	30260000	1988	30390000	domain	130000
chr22	1989	30390000	1993	30440000	boundary	50000
chr22	1994	30440000	2004	30550000	boundary	110000
chr22	2005	30550000	2009	30600000	boundary	50000
chr22	2010	30600000	2041	30920000	domain	320000
chr22	2042	30920000	2059	31100000	domain	180000
chr22	2060	31100000	2065	31160000	boundary	60000
chr22	2066	31160000	2084	31350000	boundary	190000
chr22	2085	31350000	2089	31400000	boundary	50000
chr22	2090	31400000	2115	31660000	domain	260000
chr22	2116	31660000	2163	32140000	domain	480000
chr22	2164	32140000	2165	32160000	gap	20000
chr22	2166	32160000	2178	32290000	domain	130000
chr22	2179	32290000	2179	32300000	gap	10000
chr22	2180	32300000	2200	32510000	domain	210000
chr22	2201	32510000	2229	32800000	domain	290000
chr22	2230	32800000	2250	33010000	domain	210000
chr22	2251	33010000	2254	33050000	boundary	40000
chr22	2255	33050000	2274	33250000	domain	200000
chr22	2275	33250000	2276	33270000	boundary	20000
chr22	2277	33270000	2342	33930000	domain	660000
chr22	2343	33930000	2367	34180000	domain	250000
chr22	2368	34180000	2404	34550000	domain	370000
chr22	2405	34550000	2405	34560000	gap	10000
chr22	2406	34560000	2441	34920000	domain	360000
chr22	2442	34920000	2475	35260000	domain	340000
chr22	2476	35260000	2518	35690000	domain	430000
chr22	2519	35690000	2519	35700000	gap	10000
chr22	2520	35700000	2563	36140000	domain	440000
chr22	2564	36140000	2572	36230000	boundary	90000
chr22	2573	36230000	2602	36530000	domain	300000
chr22	2603	36530000	2626	36770000	domain	240000
chr22	2627	36770000	2654	37050000	domain	280000
chr22	2655	37050000	2691	37420000	domain	370000
chr22	2692	37420000	2692	37430000	gap	10000
chr22	2693	37430000	2729	37800000	boundary	370000
chr22	2730	37800000	2737	37880000	boundary	80000
chr22	2738	37880000	2752	38030000	boundary	150000
chr22	2753	38030000	2785	38360000	domain	330000
chr22	2786	38360000	2789	38400000	gap	40000
chr22	2790	38400000	2819	38700000	domain	300000
chr22	2820	38700000	2825	38760000	boundary	60000
chr22	2826	38760000	2864	39150000	domain	390000
chr22	2865	39150000	2881	39320000	domain	170000
chr22	2882	39320000	2903	39540000	boundary	220000
chr22	2904	39540000	2953	40040000	domain	500000
chr22	2954	40040000	2986	40370000	domain	330000
chr22	2987	40370000	3014	40650000	domain	280000
chr22	3015	40650000	3016	40670000	boundary	20000
chr22	3017	40670000	3031	40820000	domain	150000
chr22	3032	40820000	3039	40900000	boundary	80000
chr22	3040	40900000	3064	41150000	domain	250000
chr22	3065	41150000	3077	41280000	boundary	130000
chr22	3078	41280000	3086	41370000	boundary	90000
chr22	3087	41370000	3115	41660000	domain	290000
chr22	3116	41660000	3146	41970000	domain	310000
chr22	3147	41970000	3157	42080000	domain	110000
chr22	3158	42080000	3199	42500000	domain	420000
chr22	3200	42500000	3205	42560000	gap	60000
chr22	3206	42560000	3268	43190000	domain	630000
chr22	3269	43190000	3291	43420000	domain	230000
chr22	3292	43420000	3340	43910000	domain	490000
chr22	3341	43910000	3344	43950000	boundary	40000
chr22	3345	43950000	3415	44660000	domain	710000
chr22	3416	44660000	3423	44740000	boundary	80000
chr22	3424	44740000	3459	45100000	domain	360000
chr22	3460	45100000	3466	45170000	boundary	70000
chr22	3467	45170000	3506	45570000	domain	400000
chr22	3507	45570000	3556	46070000	domain	500000
chr22	3557	46070000	3557	46080000	gap	10000
chr22	3558	46080000	3583	46340000	domain	260000
chr22	3584	46340000	3605	46560000	domain	220000
chr22	3606	46560000	3652	47030000	domain	470000
chr22	3653	47030000	3653	47040000	gap	10000
chr22	3654	47040000	3709	47600000	domain	560000
chr22	3710	47600000	3801	48520000	domain	920000
chr22	3802	48520000	3847	48980000	domain	460000
chr22	3848	48980000	3848	48990000	gap	10000
chr22	3849	48990000	3884	49350000	domain	360000
chr22	3885	49350000	3924	49750000	domain	400000
chr22	3925	49750000	3934	49850000	boundary	100000
chr22	3935	49850000	3941	49920000	boundary	70000
chr22	3942	49920000	3954	50050000	domain	130000
chr22	3955	50050000	3980	50310000	domain	260000
chr22	3981	50310000	3981	50320000	gap	10000
chr22	3982	50320000	3995	50460000	domain	140000
chr22	3996	50460000	3996	50470000	gap	10000
chr22	3997	50470000	4017	50680000	domain	210000
chr22	4018	50680000	4018	50690000	gap	10000
chr22	4019	50690000	4023	50740000	domain	50000
chr22	4024	50740000	4029	50800000	gap	60000
