chr	from.id	from.coord	to.id	to.coord	tag	size
chr22	1	10600000	96	11560000	gap	960000
chr22	97	11560000	103	11630000	domain	70000
chr22	104	11630000	617	16770000	gap	5140000
chr22	618	16770000	625	16850000	domain	80000
chr22	626	16850000	631	16910000	gap	60000
chr22	632	16910000	642	17020000	domain	110000
chr22	643	17020000	644	17040000	gap	20000
chr22	645	17040000	669	17290000	domain	250000
chr22	670	17290000	670	17300000	gap	10000
chr22	671	17300000	695	17550000	domain	250000
chr22	696	17550000	716	17760000	domain	210000
chr22	717	17760000	719	17790000	boundary	30000
chr22	720	17790000	756	18160000	domain	370000
chr22	757	18160000	836	18960000	gap	800000
chr22	837	18960000	842	19020000	domain	60000
chr22	843	19020000	843	19030000	gap	10000
chr22	844	19030000	886	19460000	domain	430000
chr22	887	19460000	888	19480000	boundary	20000
chr22	889	19480000	909	19690000	domain	210000
chr22	910	19690000	936	19960000	domain	270000
chr22	937	19960000	944	20040000	boundary	80000
chr22	945	20040000	967	20270000	domain	230000
chr22	968	20270000	977	20370000	gap	100000
chr22	978	20370000	1008	20680000	domain	310000
chr22	1009	20680000	1014	20740000	gap	60000
chr22	1015	20740000	1051	21110000	domain	370000
chr22	1052	21110000	1096	21560000	gap	450000
chr22	1097	21560000	1135	21950000	domain	390000
chr22	1136	21950000	1136	21960000	gap	10000
chr22	1137	21960000	1165	22250000	domain	290000
chr22	1166	22250000	1171	22310000	gap	60000
chr22	1172	22310000	1202	22620000	domain	310000
chr22	1203	22620000	1205	22650000	gap	30000
chr22	1206	22650000	1247	23070000	domain	420000
chr22	1248	23070000	1271	23310000	domain	240000
chr22	1272	23310000	1275	23350000	gap	40000
chr22	1276	23350000	1284	23440000	domain	90000
chr22	1285	23440000	1285	23450000	gap	10000
chr22	1286	23450000	1333	23930000	domain	480000
chr22	1334	23930000	1340	24000000	gap	70000
chr22	1341	24000000	1364	24240000	domain	240000
chr22	1365	24240000	1370	24300000	gap	60000
chr22	1371	24300000	1400	24600000	domain	300000
chr22	1401	24600000	1408	24680000	gap	80000
chr22	1409	24680000	1432	24920000	domain	240000
chr22	1433	24920000	1468	25280000	domain	360000
chr22	1469	25280000	1469	25290000	gap	10000
chr22	1470	25290000	1520	25800000	domain	510000
chr22	1521	25800000	1574	26340000	domain	540000
chr22	1575	26340000	1586	26460000	boundary	120000
chr22	1587	26460000	1610	26700000	domain	240000
chr22	1611	26700000	1618	26780000	boundary	80000
chr22	1619	26780000	1680	27400000	domain	620000
chr22	1681	27400000	1723	27830000	domain	430000
chr22	1724	27830000	1759	28190000	domain	360000
chr22	1760	28190000	1760	28200000	gap	10000
chr22	1761	28200000	1806	28660000	domain	460000
chr22	1807	28660000	1807	28670000	gap	10000
chr22	1808	28670000	1857	29170000	domain	500000
chr22	1858	29170000	1866	29260000	boundary	90000
chr22	1867	29260000	1876	29360000	boundary	100000
chr22	1877	29360000	1900	29600000	domain	240000
chr22	1901	29600000	1949	30090000	domain	490000
chr22	1950	30090000	1991	30510000	domain	420000
chr22	1992	30510000	1999	30590000	boundary	80000
chr22	2000	30590000	2031	30910000	domain	320000
chr22	2032	30910000	2049	31090000	domain	180000
chr22	2050	31090000	2057	31170000	boundary	80000
chr22	2058	31170000	2075	31350000	domain	180000
chr22	2076	31350000	2081	31410000	boundary	60000
chr22	2082	31410000	2106	31660000	domain	250000
chr22	2107	31660000	2154	32140000	domain	480000
chr22	2155	32140000	2156	32160000	gap	20000
chr22	2157	32160000	2169	32290000	domain	130000
chr22	2170	32290000	2170	32300000	gap	10000
chr22	2171	32300000	2240	33000000	domain	700000
chr22	2241	33000000	2265	33250000	domain	250000
chr22	2266	33250000	2335	33950000	domain	700000
chr22	2336	33950000	2358	34180000	domain	230000
chr22	2359	34180000	2395	34550000	domain	370000
chr22	2396	34550000	2396	34560000	gap	10000
chr22	2397	34560000	2431	34910000	domain	350000
chr22	2432	34910000	2456	35160000	domain	250000
chr22	2457	35160000	2457	35170000	gap	10000
chr22	2458	35170000	2509	35690000	domain	520000
chr22	2510	35690000	2510	35700000	gap	10000
chr22	2511	35700000	2554	36140000	domain	440000
chr22	2555	36140000	2563	36230000	boundary	90000
chr22	2564	36230000	2594	36540000	domain	310000
chr22	2595	36540000	2617	36770000	domain	230000
chr22	2618	36770000	2647	37070000	domain	300000
chr22	2648	37070000	2682	37420000	domain	350000
chr22	2683	37420000	2683	37430000	gap	10000
chr22	2684	37430000	2721	37810000	domain	380000
chr22	2722	37810000	2729	37890000	boundary	80000
chr22	2730	37890000	2739	37990000	domain	100000
chr22	2740	37990000	2776	38360000	domain	370000
chr22	2777	38360000	2780	38400000	gap	40000
chr22	2781	38400000	2810	38700000	domain	300000
chr22	2811	38700000	2817	38770000	boundary	70000
chr22	2818	38770000	2854	39140000	domain	370000
chr22	2855	39140000	2878	39380000	domain	240000
chr22	2879	39380000	2889	39490000	domain	110000
chr22	2890	39490000	2894	39540000	boundary	50000
chr22	2895	39540000	2943	40030000	domain	490000
chr22	2944	40030000	2980	40400000	domain	370000
chr22	2981	40400000	3006	40660000	domain	260000
chr22	3007	40660000	3029	40890000	domain	230000
chr22	3030	40890000	3071	41310000	domain	420000
chr22	3072	41310000	3076	41360000	boundary	50000
chr22	3077	41360000	3103	41630000	domain	270000
chr22	3104	41630000	3109	41690000	boundary	60000
chr22	3110	41690000	3135	41950000	domain	260000
chr22	3136	41950000	3190	42500000	domain	550000
chr22	3191	42500000	3196	42560000	gap	60000
chr22	3197	42560000	3259	43190000	domain	630000
chr22	3260	43190000	3281	43410000	domain	220000
chr22	3282	43410000	3290	43500000	boundary	90000
chr22	3291	43500000	3328	43880000	domain	380000
chr22	3329	43880000	3331	43910000	boundary	30000
chr22	3332	43910000	3405	44650000	domain	740000
chr22	3406	44650000	3414	44740000	boundary	90000
chr22	3415	44740000	3422	44820000	boundary	80000
chr22	3423	44820000	3449	45090000	domain	270000
chr22	3450	45090000	3463	45230000	domain	140000
chr22	3464	45230000	3497	45570000	domain	340000
chr22	3498	45570000	3546	46060000	domain	490000
chr22	3547	46060000	3548	46080000	gap	20000
chr22	3549	46080000	3574	46340000	domain	260000
chr22	3575	46340000	3596	46560000	domain	220000
chr22	3597	46560000	3643	47030000	domain	470000
chr22	3644	47030000	3644	47040000	gap	10000
chr22	3645	47040000	3701	47610000	domain	570000
chr22	3702	47610000	3704	47640000	boundary	30000
chr22	3705	47640000	3793	48530000	domain	890000
chr22	3794	48530000	3796	48560000	boundary	30000
chr22	3797	48560000	3838	48980000	domain	420000
chr22	3839	48980000	3839	48990000	gap	10000
chr22	3840	48990000	3873	49330000	domain	340000
chr22	3874	49330000	3913	49730000	domain	400000
chr22	3914	49730000	3932	49920000	boundary	190000
chr22	3933	49920000	3944	50040000	boundary	120000
chr22	3945	50040000	3971	50310000	domain	270000
chr22	3972	50310000	3972	50320000	gap	10000
chr22	3973	50320000	3986	50460000	domain	140000
chr22	3987	50460000	3987	50470000	gap	10000
chr22	3988	50470000	4008	50680000	domain	210000
chr22	4009	50680000	4009	50690000	gap	10000
chr22	4010	50690000	4014	50740000	domain	50000
chr22	4015	50740000	4020	50800000	gap	60000
