chr	from.id	from.coord	to.id	to.coord	tag	size
chr8	1	40000	10	440000	gap	400000
chr8	11	440000	24	1000000	domain	560000
chr8	25	1000000	25	1040000	gap	40000
chr8	26	1040000	30	1240000	domain	200000
chr8	31	1240000	33	1360000	gap	120000
chr8	34	1360000	38	1560000	domain	200000
chr8	39	1560000	39	1600000	gap	40000
chr8	40	1600000	44	1800000	domain	200000
chr8	45	1800000	45	1840000	gap	40000
chr8	46	1840000	55	2240000	domain	400000
chr8	56	2240000	61	2480000	gap	240000
chr8	62	2480000	73	2960000	domain	480000
chr8	74	2960000	100	4040000	domain	1080000
chr8	101	4040000	101	4080000	gap	40000
chr8	102	4080000	106	4280000	domain	200000
chr8	107	4280000	107	4320000	gap	40000
chr8	108	4320000	121	4880000	domain	560000
chr8	122	4880000	122	4920000	gap	40000
chr8	123	4920000	134	5400000	domain	480000
chr8	135	5400000	135	5440000	gap	40000
chr8	136	5440000	155	6240000	domain	800000
chr8	156	6240000	158	6360000	boundary	120000
chr8	159	6360000	173	6960000	domain	600000
chr8	174	6960000	205	8240000	gap	1280000
chr8	206	8240000	218	8760000	domain	520000
chr8	219	8760000	224	9000000	domain	240000
chr8	225	9000000	228	9160000	boundary	160000
chr8	229	9160000	245	9840000	domain	680000
chr8	246	9840000	259	10400000	domain	560000
chr8	260	10400000	271	10880000	domain	480000
chr8	272	10880000	283	11360000	domain	480000
chr8	284	11360000	297	11920000	domain	560000
chr8	298	11920000	317	12720000	gap	800000
chr8	318	12720000	350	14040000	domain	1320000
chr8	351	14040000	358	14360000	gap	320000
chr8	359	14360000	363	14560000	domain	200000
chr8	364	14560000	367	14720000	gap	160000
chr8	368	14720000	383	15360000	domain	640000
chr8	384	15360000	393	15760000	domain	400000
chr8	394	15760000	403	16160000	domain	400000
chr8	404	16160000	418	16760000	domain	600000
chr8	419	16760000	430	17240000	domain	480000
chr8	431	17240000	438	17560000	domain	320000
chr8	439	17560000	448	17960000	domain	400000
chr8	449	17960000	471	18880000	domain	920000
chr8	472	18880000	483	19360000	domain	480000
chr8	484	19360000	495	19840000	domain	480000
chr8	496	19840000	504	20200000	domain	360000
chr8	505	20200000	509	20400000	domain	200000
chr8	510	20400000	546	21880000	domain	1480000
chr8	547	21880000	554	22200000	boundary	320000
chr8	555	22200000	558	22360000	boundary	160000
chr8	559	22360000	564	22600000	domain	240000
chr8	565	22600000	575	23040000	domain	440000
chr8	576	23040000	585	23440000	domain	400000
chr8	586	23440000	592	23720000	domain	280000
chr8	593	23720000	610	24440000	domain	720000
chr8	611	24440000	611	24480000	gap	40000
chr8	612	24480000	627	25120000	domain	640000
chr8	628	25120000	637	25520000	domain	400000
chr8	638	25520000	658	26360000	domain	840000
chr8	659	26360000	659	26400000	gap	40000
chr8	660	26400000	681	27280000	domain	880000
chr8	682	27280000	694	27800000	domain	520000
chr8	695	27800000	708	28360000	domain	560000
chr8	709	28360000	710	28440000	boundary	80000
chr8	711	28440000	718	28760000	domain	320000
chr8	719	28760000	729	29200000	domain	440000
chr8	730	29200000	732	29320000	boundary	120000
chr8	733	29320000	751	30080000	domain	760000
chr8	752	30080000	753	30160000	boundary	80000
chr8	754	30160000	765	30640000	domain	480000
chr8	766	30640000	769	30800000	boundary	160000
chr8	770	30800000	779	31200000	domain	400000
chr8	780	31200000	789	31600000	domain	400000
chr8	790	31600000	804	32200000	domain	600000
chr8	805	32200000	819	32800000	domain	600000
chr8	820	32800000	820	32840000	gap	40000
chr8	821	32840000	840	33640000	domain	800000
chr8	841	33640000	854	34200000	domain	560000
chr8	855	34200000	855	34240000	gap	40000
chr8	856	34240000	880	35240000	domain	1000000
chr8	881	35240000	881	35280000	gap	40000
chr8	882	35280000	898	35960000	domain	680000
chr8	899	35960000	919	36800000	domain	840000
chr8	920	36800000	943	37760000	domain	960000
chr8	944	37760000	947	37920000	boundary	160000
chr8	948	37920000	959	38400000	domain	480000
chr8	960	38400000	968	38760000	domain	360000
chr8	969	38760000	981	39280000	domain	520000
chr8	982	39280000	995	39840000	domain	560000
chr8	996	39840000	1005	40240000	domain	400000
chr8	1006	40240000	1025	41040000	domain	800000
chr8	1026	41040000	1037	41520000	domain	480000
chr8	1038	41520000	1040	41640000	boundary	120000
chr8	1041	41640000	1047	41920000	domain	280000
chr8	1048	41920000	1059	42400000	domain	480000
chr8	1060	42400000	1070	42840000	domain	440000
chr8	1071	42840000	1080	43240000	domain	400000
chr8	1081	43240000	1084	43400000	gap	160000
chr8	1085	43400000	1088	43560000	domain	160000
chr8	1089	43560000	1161	46480000	gap	2920000
chr8	1162	46480000	1171	46880000	domain	400000
chr8	1172	46880000	1178	47160000	boundary	280000
chr8	1179	47160000	1194	47800000	domain	640000
chr8	1195	47800000	1201	48080000	boundary	280000
chr8	1202	48080000	1223	48960000	domain	880000
chr8	1224	48960000	1245	49840000	domain	880000
chr8	1246	49840000	1259	50400000	domain	560000
chr8	1260	50400000	1289	51600000	domain	1200000
chr8	1290	51600000	1300	52040000	domain	440000
chr8	1301	52040000	1312	52520000	domain	480000
chr8	1313	52520000	1323	52960000	domain	440000
chr8	1324	52960000	1345	53840000	domain	880000
chr8	1346	53840000	1353	54160000	domain	320000
chr8	1354	54160000	1361	54480000	domain	320000
chr8	1362	54480000	1388	55560000	domain	1080000
chr8	1389	55560000	1392	55720000	domain	160000
chr8	1393	55720000	1405	56240000	domain	520000
chr8	1406	56240000	1418	56760000	domain	520000
chr8	1419	56760000	1422	56920000	domain	160000
chr8	1423	56920000	1434	57400000	domain	480000
chr8	1435	57400000	1460	58440000	domain	1040000
chr8	1461	58440000	1467	58720000	domain	280000
chr8	1468	58720000	1498	59960000	domain	1240000
chr8	1499	59960000	1509	60400000	domain	440000
chr8	1510	60400000	1527	61120000	domain	720000
chr8	1528	61120000	1540	61640000	domain	520000
chr8	1541	61640000	1576	63080000	domain	1440000
chr8	1577	63080000	1582	63320000	boundary	240000
chr8	1583	63320000	1612	64520000	domain	1200000
chr8	1613	64520000	1639	65600000	domain	1080000
chr8	1640	65600000	1660	66440000	domain	840000
chr8	1661	66440000	1683	67360000	domain	920000
chr8	1684	67360000	1687	67520000	domain	160000
chr8	1688	67520000	1694	67800000	domain	280000
chr8	1695	67800000	1712	68520000	domain	720000
chr8	1713	68520000	1740	69640000	domain	1120000
chr8	1741	69640000	1752	70120000	domain	480000
chr8	1753	70120000	1766	70680000	domain	560000
chr8	1767	70680000	1794	71800000	domain	1120000
chr8	1795	71800000	1805	72240000	domain	440000
chr8	1806	72240000	1824	73000000	domain	760000
chr8	1825	73000000	1831	73280000	domain	280000
chr8	1832	73280000	1841	73680000	domain	400000
chr8	1842	73680000	1851	74080000	domain	400000
chr8	1852	74080000	1858	74360000	domain	280000
chr8	1859	74360000	1872	74920000	domain	560000
chr8	1873	74920000	1884	75400000	domain	480000
chr8	1885	75400000	1889	75600000	domain	200000
chr8	1890	75600000	1908	76360000	domain	760000
chr8	1909	76360000	1932	77320000	domain	960000
chr8	1933	77320000	1934	77400000	boundary	80000
chr8	1935	77400000	1959	78400000	domain	1000000
chr8	1960	78400000	1973	78960000	domain	560000
chr8	1974	78960000	1990	79640000	domain	680000
chr8	1991	79640000	2000	80040000	domain	400000
chr8	2001	80040000	2014	80600000	domain	560000
chr8	2015	80600000	2024	81000000	domain	400000
chr8	2025	81000000	2030	81240000	domain	240000
chr8	2031	81240000	2041	81680000	domain	440000
chr8	2042	81680000	2043	81760000	boundary	80000
chr8	2044	81760000	2046	81880000	boundary	120000
chr8	2047	81880000	2061	82480000	boundary	600000
chr8	2062	82480000	2068	82760000	boundary	280000
chr8	2069	82760000	2094	83800000	domain	1040000
chr8	2095	83800000	2096	83880000	boundary	80000
chr8	2097	83880000	2114	84600000	domain	720000
chr8	2115	84600000	2126	85080000	domain	480000
chr8	2127	85080000	2140	85640000	domain	560000
chr8	2141	85640000	2140	85640000	gap	0
chr8	2141	85640000	2145	85840000	gap	200000
chr8	2146	85840000	2164	86600000	domain	760000
chr8	2165	86600000	2169	86800000	boundary	200000
chr8	2170	86800000	2187	87520000	domain	720000
chr8	2188	87520000	2209	88400000	domain	880000
chr8	2210	88400000	2241	89680000	domain	1280000
chr8	2242	89680000	2249	90000000	domain	320000
chr8	2250	90000000	2264	90600000	domain	600000
chr8	2265	90600000	2273	90960000	domain	360000
chr8	2274	90960000	2276	91080000	boundary	120000
chr8	2277	91080000	2284	91400000	domain	320000
chr8	2285	91400000	2300	92040000	domain	640000
chr8	2301	92040000	2341	93680000	domain	1640000
chr8	2342	93680000	2348	93960000	domain	280000
chr8	2349	93960000	2360	94440000	domain	480000
chr8	2361	94440000	2369	94800000	domain	360000
chr8	2370	94800000	2381	95280000	domain	480000
chr8	2382	95280000	2405	96240000	domain	960000
chr8	2406	96240000	2439	97600000	domain	1360000
chr8	2440	97600000	2452	98120000	domain	520000
chr8	2453	98120000	2462	98520000	domain	400000
chr8	2463	98520000	2502	100120000	domain	1600000
chr8	2503	100120000	2513	100560000	domain	440000
chr8	2514	100560000	2520	100840000	domain	280000
chr8	2521	100840000	2532	101320000	domain	480000
chr8	2533	101320000	2540	101640000	domain	320000
chr8	2541	101640000	2555	102240000	domain	600000
chr8	2556	102240000	2570	102840000	domain	600000
chr8	2571	102840000	2575	103040000	boundary	200000
chr8	2576	103040000	2589	103600000	domain	560000
chr8	2590	103600000	2591	103680000	boundary	80000
chr8	2592	103680000	2611	104480000	domain	800000
chr8	2612	104480000	2619	104800000	domain	320000
chr8	2620	104800000	2646	105880000	domain	1080000
chr8	2647	105880000	2664	106600000	domain	720000
chr8	2665	106600000	2666	106680000	boundary	80000
chr8	2667	106680000	2694	107800000	domain	1120000
chr8	2695	107800000	2717	108720000	domain	920000
chr8	2718	108720000	2732	109320000	domain	600000
chr8	2733	109320000	2743	109760000	domain	440000
chr8	2744	109760000	2770	110840000	domain	1080000
chr8	2771	110840000	2784	111400000	domain	560000
chr8	2785	111400000	2796	111880000	domain	480000
chr8	2797	111880000	2817	112720000	domain	840000
chr8	2818	112720000	2834	113400000	domain	680000
chr8	2835	113400000	2862	114520000	domain	1120000
chr8	2863	114520000	2864	114600000	boundary	80000
chr8	2865	114600000	2876	115080000	domain	480000
chr8	2877	115080000	2911	116480000	domain	1400000
chr8	2912	116480000	2918	116760000	domain	280000
chr8	2919	116760000	2933	117360000	domain	600000
chr8	2934	117360000	2964	118600000	domain	1240000
chr8	2965	118600000	2976	119080000	domain	480000
chr8	2977	119080000	2985	119440000	domain	360000
chr8	2986	119440000	2995	119840000	domain	400000
chr8	2996	119840000	3010	120440000	domain	600000
chr8	3011	120440000	3023	120960000	domain	520000
chr8	3024	120960000	3065	122640000	domain	1680000
chr8	3066	122640000	3081	123280000	domain	640000
chr8	3082	123280000	3094	123800000	domain	520000
chr8	3095	123800000	3110	124440000	domain	640000
chr8	3111	124440000	3126	125080000	domain	640000
chr8	3127	125080000	3142	125720000	domain	640000
chr8	3143	125720000	3146	125880000	boundary	160000
chr8	3147	125880000	3169	126800000	domain	920000
chr8	3170	126800000	3192	127720000	domain	920000
chr8	3193	127720000	3243	129760000	domain	2040000
chr8	3244	129760000	3252	130120000	domain	360000
chr8	3253	130120000	3267	130720000	domain	600000
chr8	3268	130720000	3296	131880000	domain	1160000
chr8	3297	131880000	3301	132080000	domain	200000
chr8	3302	132080000	3316	132680000	domain	600000
chr8	3317	132680000	3318	132760000	boundary	80000
chr8	3319	132760000	3329	133200000	domain	440000
chr8	3330	133200000	3336	133480000	domain	280000
chr8	3337	133480000	3361	134480000	domain	1000000
chr8	3362	134480000	3372	134920000	domain	440000
chr8	3373	134920000	3385	135440000	domain	520000
chr8	3386	135440000	3396	135880000	domain	440000
chr8	3397	135880000	3418	136760000	domain	880000
chr8	3419	136760000	3440	137640000	domain	880000
chr8	3441	137640000	3450	138040000	domain	400000
chr8	3451	138040000	3452	138120000	boundary	80000
chr8	3453	138120000	3467	138720000	domain	600000
chr8	3468	138720000	3473	138960000	domain	240000
chr8	3474	138960000	3490	139640000	domain	680000
chr8	3491	139640000	3510	140440000	domain	800000
chr8	3511	140440000	3515	140640000	domain	200000
chr8	3516	140640000	3535	141440000	domain	800000
chr8	3536	141440000	3562	142520000	domain	1080000
chr8	3563	142520000	3565	142640000	boundary	120000
chr8	3566	142640000	3584	143400000	domain	760000
chr8	3585	143400000	3594	143800000	boundary	400000
chr8	3595	143800000	3612	144520000	domain	720000
chr8	3613	144520000	3618	144760000	domain	240000
chr8	3619	144760000	3626	145080000	domain	320000
