chr	from.id	from.coord	to.id	to.coord	tag	size
chr9	1	0	5	200000	gap	200000
chr9	6	200000	22	880000	domain	680000
chr9	23	880000	26	1040000	boundary	160000
chr9	27	1040000	48	1920000	domain	880000
chr9	49	1920000	71	2840000	domain	920000
chr9	72	2840000	109	4360000	domain	1520000
chr9	110	4360000	119	4760000	boundary	400000
chr9	120	4760000	144	5760000	domain	1000000
chr9	145	5760000	158	6320000	domain	560000
chr9	159	6320000	169	6760000	domain	440000
chr9	170	6760000	225	9000000	domain	2240000
chr9	226	9000000	250	10000000	domain	1000000
chr9	251	10000000	286	11440000	domain	1440000
chr9	287	11440000	317	12680000	domain	1240000
chr9	318	12680000	332	13280000	domain	600000
chr9	333	13280000	366	14640000	domain	1360000
chr9	367	14640000	367	14680000	gap	40000
chr9	368	14680000	394	15760000	domain	1080000
chr9	395	15760000	427	17080000	domain	1320000
chr9	428	17080000	438	17520000	domain	440000
chr9	439	17520000	456	18240000	domain	720000
chr9	457	18240000	476	19040000	domain	800000
chr9	477	19040000	487	19480000	domain	440000
chr9	488	19480000	530	21200000	domain	1720000
chr9	531	21200000	531	21240000	gap	40000
chr9	532	21240000	545	21800000	domain	560000
chr9	546	21800000	557	22280000	domain	480000
chr9	558	22280000	562	22480000	boundary	200000
chr9	563	22480000	601	24040000	domain	1560000
chr9	602	24040000	668	26720000	domain	2680000
chr9	669	26720000	672	26880000	boundary	160000
chr9	673	26880000	682	27280000	domain	400000
chr9	683	27280000	690	27600000	domain	320000
chr9	691	27600000	716	28640000	domain	1040000
chr9	717	28640000	808	32320000	domain	3680000
chr9	809	32320000	825	33000000	domain	680000
chr9	826	33000000	838	33520000	domain	520000
chr9	839	33520000	840	33600000	gap	80000
chr9	841	33600000	860	34400000	domain	800000
chr9	861	34400000	866	34640000	boundary	240000
chr9	867	34640000	891	35640000	domain	1000000
chr9	892	35640000	894	35760000	boundary	120000
chr9	895	35760000	910	36400000	boundary	640000
chr9	911	36400000	937	37480000	domain	1080000
chr9	938	37480000	964	38560000	domain	1080000
chr9	965	38560000	1710	68400000	gap	29840000
chr9	1711	68400000	1726	69040000	domain	640000
chr9	1727	69040000	1731	69240000	boundary	200000
chr9	1732	69240000	1749	69960000	domain	720000
chr9	1750	69960000	1767	70680000	domain	720000
chr9	1768	70680000	1769	70760000	gap	80000
chr9	1770	70760000	1782	71280000	domain	520000
chr9	1783	71280000	1801	72040000	domain	760000
chr9	1802	72040000	1821	72840000	domain	800000
chr9	1822	72840000	1830	73200000	domain	360000
chr9	1831	73200000	1869	74760000	domain	1560000
chr9	1870	74760000	1880	75200000	domain	440000
chr9	1881	75200000	1897	75880000	domain	680000
chr9	1898	75880000	1909	76360000	domain	480000
chr9	1910	76360000	1918	76720000	domain	360000
chr9	1919	76720000	1929	77160000	domain	440000
chr9	1930	77160000	1956	78240000	domain	1080000
chr9	1957	78240000	1960	78400000	boundary	160000
chr9	1961	78400000	1978	79120000	domain	720000
chr9	1979	79120000	2006	80240000	domain	1120000
chr9	2007	80240000	2048	81920000	domain	1680000
chr9	2049	81920000	2049	81960000	gap	40000
chr9	2050	81960000	2076	83040000	domain	1080000
chr9	2077	83040000	2079	83160000	boundary	120000
chr9	2080	83160000	2095	83800000	domain	640000
chr9	2096	83800000	2098	83920000	gap	120000
chr9	2099	83920000	2144	85760000	domain	1840000
chr9	2145	85760000	2146	85840000	gap	80000
chr9	2147	85840000	2159	86360000	domain	520000
chr9	2160	86360000	2183	87320000	domain	960000
chr9	2184	87320000	2198	87920000	domain	600000
chr9	2199	87920000	2199	87960000	gap	40000
chr9	2200	87960000	2215	88600000	domain	640000
chr9	2216	88600000	2233	89320000	domain	720000
chr9	2234	89320000	2239	89560000	boundary	240000
chr9	2240	89560000	2253	90120000	domain	560000
chr9	2254	90120000	2272	90880000	domain	760000
chr9	2273	90880000	2293	91720000	domain	840000
chr9	2294	91720000	2302	92080000	domain	360000
chr9	2303	92080000	2322	92880000	domain	800000
chr9	2323	92880000	2341	93640000	domain	760000
chr9	2342	93640000	2358	94320000	domain	680000
chr9	2359	94320000	2364	94560000	gap	240000
chr9	2365	94560000	2380	95200000	domain	640000
chr9	2381	95200000	2422	96880000	domain	1680000
chr9	2423	96880000	2431	97240000	gap	360000
chr9	2432	97240000	2448	97920000	domain	680000
chr9	2449	97920000	2457	98280000	domain	360000
chr9	2458	98280000	2470	98800000	domain	520000
chr9	2471	98800000	2479	99160000	domain	360000
chr9	2480	99160000	2495	99800000	domain	640000
chr9	2496	99800000	2515	100600000	domain	800000
chr9	2516	100600000	2535	101400000	domain	800000
chr9	2536	101400000	2539	101560000	boundary	160000
chr9	2540	101560000	2619	104760000	domain	3200000
chr9	2620	104760000	2644	105760000	domain	1000000
chr9	2645	105760000	2645	105800000	gap	40000
chr9	2646	105800000	2681	107240000	domain	1440000
chr9	2682	107240000	2685	107400000	boundary	160000
chr9	2686	107400000	2721	108840000	domain	1440000
chr9	2722	108840000	2736	109440000	domain	600000
chr9	2737	109440000	2738	109520000	boundary	80000
chr9	2739	109520000	2757	110280000	domain	760000
chr9	2758	110280000	2766	110640000	domain	360000
chr9	2767	110640000	2784	111360000	domain	720000
chr9	2785	111360000	2789	111560000	boundary	200000
chr9	2790	111560000	2827	113080000	domain	1520000
chr9	2828	113080000	2828	113120000	gap	40000
chr9	2829	113120000	2842	113680000	domain	560000
chr9	2843	113680000	2860	114400000	domain	720000
chr9	2861	114400000	2867	114680000	boundary	280000
chr9	2868	114680000	2876	115040000	domain	360000
chr9	2877	115040000	2889	115560000	domain	520000
chr9	2890	115560000	2917	116680000	domain	1120000
chr9	2918	116680000	2939	117560000	domain	880000
chr9	2940	117560000	2985	119400000	domain	1840000
chr9	2986	119400000	3014	120560000	domain	1160000
chr9	3015	120560000	3030	121200000	domain	640000
chr9	3031	121200000	3036	121440000	boundary	240000
chr9	3037	121440000	3052	122080000	domain	640000
chr9	3053	122080000	3071	122840000	domain	760000
chr9	3072	122840000	3075	123000000	boundary	160000
chr9	3076	123000000	3085	123400000	domain	400000
chr9	3086	123400000	3102	124080000	domain	680000
chr9	3103	124080000	3110	124400000	domain	320000
chr9	3111	124400000	3114	124560000	boundary	160000
chr9	3115	124560000	3119	124760000	boundary	200000
chr9	3120	124760000	3135	125400000	domain	640000
chr9	3136	125400000	3165	126600000	domain	1200000
chr9	3166	126600000	3170	126800000	boundary	200000
chr9	3171	126800000	3186	127440000	domain	640000
chr9	3187	127440000	3204	128160000	domain	720000
chr9	3205	128160000	3227	129080000	domain	920000
chr9	3228	129080000	3245	129800000	domain	720000
chr9	3246	129800000	3260	130400000	domain	600000
chr9	3261	130400000	3267	130680000	boundary	280000
chr9	3268	130680000	3277	131080000	domain	400000
chr9	3278	131080000	3289	131560000	domain	480000
chr9	3290	131560000	3294	131760000	boundary	200000
chr9	3295	131760000	3307	132280000	domain	520000
chr9	3308	132280000	3325	133000000	domain	720000
chr9	3326	133000000	3338	133520000	domain	520000
chr9	3339	133520000	3344	133760000	domain	240000
chr9	3345	133760000	3353	134120000	domain	360000
chr9	3354	134120000	3391	135640000	domain	1520000
chr9	3392	135640000	3408	136320000	domain	680000
chr9	3409	136320000	3418	136720000	boundary	400000
chr9	3419	136720000	3427	137080000	boundary	360000
chr9	3428	137080000	3439	137560000	boundary	480000
chr9	3440	137560000	3453	138120000	domain	560000
chr9	3454	138120000	3457	138280000	gap	160000
