chr	from.id	from.coord	to.id	to.coord	tag	size
chr4	1	0	2	80000	gap	80000
chr4	3	80000	17	680000	domain	600000
chr4	18	680000	23	920000	boundary	240000
chr4	24	920000	34	1360000	domain	440000
chr4	35	1360000	43	1720000	domain	360000
chr4	44	1720000	69	2760000	domain	1040000
chr4	70	2760000	89	3560000	domain	800000
chr4	90	3560000	90	3600000	gap	40000
chr4	91	3600000	97	3880000	domain	280000
chr4	98	3880000	105	4200000	gap	320000
chr4	106	4200000	125	5000000	domain	800000
chr4	126	5000000	149	5960000	domain	960000
chr4	150	5960000	156	6240000	boundary	280000
chr4	157	6240000	166	6640000	boundary	400000
chr4	167	6640000	177	7080000	boundary	440000
chr4	178	7080000	194	7760000	domain	680000
chr4	195	7760000	204	8160000	boundary	400000
chr4	205	8160000	224	8960000	domain	800000
chr4	225	8960000	244	9760000	gap	800000
chr4	245	9760000	255	10200000	domain	440000
chr4	256	10200000	256	10240000	gap	40000
chr4	257	10240000	294	11760000	domain	1520000
chr4	295	11760000	299	11960000	boundary	200000
chr4	300	11960000	318	12720000	domain	760000
chr4	319	12720000	341	13640000	domain	920000
chr4	342	13640000	380	15200000	domain	1560000
chr4	381	15200000	387	15480000	boundary	280000
chr4	388	15480000	407	16280000	domain	800000
chr4	408	16280000	437	17480000	domain	1200000
chr4	438	17480000	466	18640000	domain	1160000
chr4	467	18640000	510	20400000	domain	1760000
chr4	511	20400000	518	20720000	domain	320000
chr4	519	20720000	538	21520000	domain	800000
chr4	539	21520000	544	21760000	boundary	240000
chr4	545	21760000	571	22840000	domain	1080000
chr4	572	22840000	611	24440000	domain	1600000
chr4	612	24440000	629	25160000	domain	720000
chr4	630	25160000	635	25400000	boundary	240000
chr4	636	25400000	648	25920000	domain	520000
chr4	649	25920000	676	27040000	domain	1120000
chr4	677	27040000	696	27840000	domain	800000
chr4	697	27840000	726	29040000	domain	1200000
chr4	727	29040000	750	30000000	domain	960000
chr4	751	30000000	758	30320000	boundary	320000
chr4	759	30320000	767	30680000	domain	360000
chr4	768	30680000	795	31800000	domain	1120000
chr4	796	31800000	796	31840000	gap	40000
chr4	797	31840000	820	32800000	domain	960000
chr4	821	32800000	821	32840000	gap	40000
chr4	822	32840000	845	33800000	domain	960000
chr4	846	33800000	849	33960000	boundary	160000
chr4	850	33960000	869	34760000	domain	800000
chr4	870	34760000	871	34840000	gap	80000
chr4	872	34840000	898	35920000	domain	1080000
chr4	899	35920000	907	36280000	boundary	360000
chr4	908	36280000	939	37560000	domain	1280000
chr4	940	37560000	951	38040000	domain	480000
chr4	952	38040000	972	38880000	domain	840000
chr4	973	38880000	980	39200000	domain	320000
chr4	981	39200000	986	39440000	domain	240000
chr4	987	39440000	1001	40040000	domain	600000
chr4	1002	40040000	1008	40320000	boundary	280000
chr4	1009	40320000	1019	40760000	domain	440000
chr4	1020	40760000	1023	40920000	boundary	160000
chr4	1024	40920000	1031	41240000	domain	320000
chr4	1032	41240000	1042	41680000	domain	440000
chr4	1043	41680000	1048	41920000	boundary	240000
chr4	1049	41920000	1057	42280000	domain	360000
chr4	1058	42280000	1063	42520000	boundary	240000
chr4	1064	42520000	1075	43000000	domain	480000
chr4	1076	43000000	1095	43800000	domain	800000
chr4	1096	43800000	1117	44680000	domain	880000
chr4	1118	44680000	1138	45520000	domain	840000
chr4	1139	45520000	1158	46320000	domain	800000
chr4	1159	46320000	1170	46800000	domain	480000
chr4	1171	46800000	1186	47440000	domain	640000
chr4	1187	47440000	1203	48120000	domain	680000
chr4	1204	48120000	1227	49080000	domain	960000
chr4	1228	49080000	1296	51840000	gap	2760000
chr4	1297	51840000	1328	53120000	domain	1280000
chr4	1329	53120000	1357	54280000	domain	1160000
chr4	1358	54280000	1374	54960000	domain	680000
chr4	1375	54960000	1396	55840000	domain	880000
chr4	1397	55840000	1409	56360000	domain	520000
chr4	1410	56360000	1425	57000000	domain	640000
chr4	1426	57000000	1472	58880000	domain	1880000
chr4	1473	58880000	1473	58920000	gap	40000
chr4	1474	58920000	1480	59200000	domain	280000
chr4	1481	59200000	1512	60480000	domain	1280000
chr4	1513	60480000	1569	62760000	domain	2280000
chr4	1570	62760000	1595	63800000	domain	1040000
chr4	1596	63800000	1597	63880000	gap	80000
chr4	1598	63880000	1616	64640000	domain	760000
chr4	1617	64640000	1667	66680000	domain	2040000
chr4	1668	66680000	1686	67440000	domain	760000
chr4	1687	67440000	1693	67720000	boundary	280000
chr4	1694	67720000	1706	68240000	domain	520000
chr4	1707	68240000	1711	68440000	boundary	200000
chr4	1712	68440000	1730	69200000	domain	760000
chr4	1731	69200000	1736	69440000	gap	240000
chr4	1737	69440000	1765	70600000	domain	1160000
chr4	1766	70600000	1776	71040000	domain	440000
chr4	1777	71040000	1794	71760000	domain	720000
chr4	1795	71760000	1827	73080000	domain	1320000
chr4	1828	73080000	1832	73280000	boundary	200000
chr4	1833	73280000	1854	74160000	domain	880000
chr4	1855	74160000	1870	74800000	domain	640000
chr4	1871	74800000	1888	75520000	domain	720000
chr4	1889	75520000	1897	75880000	domain	360000
chr4	1898	75880000	1902	76080000	boundary	200000
chr4	1903	76080000	1931	77240000	domain	1160000
chr4	1932	77240000	1934	77360000	boundary	120000
chr4	1935	77360000	1945	77800000	domain	440000
chr4	1946	77800000	1973	78920000	domain	1120000
chr4	1974	78920000	1998	79920000	domain	1000000
chr4	1999	79920000	1999	79960000	gap	40000
chr4	2000	79960000	2027	81080000	domain	1120000
chr4	2028	81080000	2034	81360000	domain	280000
chr4	2035	81360000	2059	82360000	domain	1000000
chr4	2060	82360000	2076	83040000	domain	680000
chr4	2077	83040000	2087	83480000	domain	440000
chr4	2088	83480000	2091	83640000	boundary	160000
chr4	2092	83640000	2114	84560000	domain	920000
chr4	2115	84560000	2126	85040000	domain	480000
chr4	2127	85040000	2151	86040000	domain	1000000
chr4	2152	86040000	2162	86480000	domain	440000
chr4	2163	86480000	2173	86920000	domain	440000
chr4	2174	86920000	2181	87240000	boundary	320000
chr4	2182	87240000	2187	87480000	boundary	240000
chr4	2188	87480000	2200	88000000	domain	520000
chr4	2201	88000000	2213	88520000	domain	520000
chr4	2214	88520000	2217	88680000	boundary	160000
chr4	2218	88680000	2228	89120000	domain	440000
chr4	2229	89120000	2249	89960000	domain	840000
chr4	2250	89960000	2258	90320000	domain	360000
chr4	2259	90320000	2313	92520000	domain	2200000
chr4	2314	92520000	2345	93800000	domain	1280000
chr4	2346	93800000	2356	94240000	domain	440000
chr4	2357	94240000	2365	94600000	boundary	360000
chr4	2366	94600000	2379	95160000	domain	560000
chr4	2380	95160000	2452	98080000	domain	2920000
chr4	2453	98080000	2477	99080000	domain	1000000
chr4	2478	99080000	2488	99520000	domain	440000
chr4	2489	99520000	2499	99960000	domain	440000
chr4	2500	99960000	2573	102920000	domain	2960000
chr4	2574	102920000	2574	102960000	gap	40000
chr4	2575	102960000	2599	103960000	domain	1000000
chr4	2600	103960000	2622	104880000	domain	920000
chr4	2623	104880000	2637	105480000	domain	600000
chr4	2638	105480000	2656	106240000	domain	760000
chr4	2657	106240000	2658	106320000	boundary	80000
chr4	2659	106320000	2694	107760000	domain	1440000
chr4	2695	107760000	2698	107920000	boundary	160000
chr4	2699	107920000	2716	108640000	domain	720000
chr4	2717	108640000	2735	109400000	domain	760000
chr4	2736	109400000	2750	110000000	domain	600000
chr4	2751	110000000	2764	110560000	domain	560000
chr4	2765	110560000	2790	111600000	domain	1040000
chr4	2791	111600000	2801	112040000	domain	440000
chr4	2802	112040000	2816	112640000	domain	600000
chr4	2817	112640000	2826	113040000	domain	400000
chr4	2827	113040000	2860	114400000	domain	1360000
chr4	2861	114400000	2869	114760000	domain	360000
chr4	2870	114760000	2903	116120000	domain	1360000
chr4	2904	116120000	2926	117040000	domain	920000
chr4	2927	117040000	2960	118400000	domain	1360000
chr4	2961	118400000	2967	118680000	gap	280000
chr4	2968	118680000	2983	119320000	domain	640000
chr4	2984	119320000	2987	119480000	gap	160000
chr4	2988	119480000	3002	120080000	domain	600000
chr4	3003	120080000	3032	121280000	domain	1200000
chr4	3033	121280000	3045	121800000	domain	520000
chr4	3046	121800000	3075	123000000	domain	1200000
chr4	3076	123000000	3108	124320000	domain	1320000
chr4	3109	124320000	3133	125320000	domain	1000000
chr4	3134	125320000	3151	126040000	domain	720000
chr4	3152	126040000	3190	127600000	domain	1560000
chr4	3191	127600000	3194	127760000	boundary	160000
chr4	3195	127760000	3202	128080000	boundary	320000
chr4	3203	128080000	3228	129120000	domain	1040000
chr4	3229	129120000	3244	129760000	domain	640000
chr4	3245	129760000	3272	130880000	domain	1120000
chr4	3273	130880000	3291	131640000	domain	760000
chr4	3292	131640000	3299	131960000	gap	320000
chr4	3300	131960000	3327	133080000	domain	1120000
chr4	3328	133080000	3373	134920000	domain	1840000
chr4	3374	134920000	3426	137040000	domain	2120000
chr4	3427	137040000	3445	137800000	domain	760000
chr4	3446	137800000	3475	139000000	domain	1200000
chr4	3476	139000000	3491	139640000	domain	640000
chr4	3492	139640000	3509	140360000	domain	720000
chr4	3510	140360000	3529	141160000	domain	800000
chr4	3530	141160000	3552	142080000	domain	920000
chr4	3553	142080000	3572	142880000	domain	800000
chr4	3573	142880000	3579	143160000	boundary	280000
chr4	3580	143160000	3595	143800000	domain	640000
chr4	3596	143800000	3604	144160000	gap	360000
chr4	3605	144160000	3628	145120000	domain	960000
chr4	3629	145120000	3640	145600000	domain	480000
chr4	3641	145600000	3656	146240000	domain	640000
chr4	3657	146240000	3675	147000000	domain	760000
chr4	3676	147000000	3692	147680000	domain	680000
chr4	3693	147680000	3697	147880000	boundary	200000
chr4	3698	147880000	3733	149320000	domain	1440000
chr4	3734	149320000	3749	149960000	domain	640000
chr4	3750	149960000	3756	150240000	domain	280000
chr4	3757	150240000	3777	151080000	domain	840000
chr4	3778	151080000	3793	151720000	domain	640000
chr4	3794	151720000	3810	152400000	domain	680000
chr4	3811	152400000	3819	152760000	boundary	360000
chr4	3820	152760000	3828	153120000	boundary	360000
chr4	3829	153120000	3842	153680000	domain	560000
chr4	3843	153680000	3863	154520000	domain	840000
chr4	3864	154520000	3870	154800000	boundary	280000
chr4	3871	154800000	3884	155360000	domain	560000
chr4	3885	155360000	3899	155960000	domain	600000
chr4	3900	155960000	3910	156400000	domain	440000
chr4	3911	156400000	3929	157160000	domain	760000
chr4	3930	157160000	3949	157960000	domain	800000
chr4	3950	157960000	3966	158640000	domain	680000
chr4	3967	158640000	3987	159480000	domain	840000
chr4	3988	159480000	4031	161240000	domain	1760000
chr4	4032	161240000	4061	162440000	domain	1200000
chr4	4062	162440000	4089	163560000	domain	1120000
chr4	4090	163560000	4106	164240000	domain	680000
chr4	4107	164240000	4107	164280000	gap	40000
chr4	4108	164280000	4131	165240000	domain	960000
chr4	4132	165240000	4132	165280000	gap	40000
chr4	4133	165280000	4154	166160000	domain	880000
chr4	4155	166160000	4204	168160000	domain	2000000
chr4	4205	168160000	4223	168920000	domain	760000
chr4	4224	168920000	4240	169600000	domain	680000
chr4	4241	169600000	4253	170120000	domain	520000
chr4	4254	170120000	4273	170920000	domain	800000
chr4	4274	170920000	4297	171880000	domain	960000
chr4	4298	171880000	4323	172920000	domain	1040000
chr4	4324	172920000	4338	173520000	domain	600000
chr4	4339	173520000	4355	174200000	domain	680000
chr4	4356	174200000	4358	174320000	boundary	120000
chr4	4359	174320000	4367	174680000	domain	360000
chr4	4368	174680000	4388	175520000	domain	840000
chr4	4389	175520000	4399	175960000	domain	440000
chr4	4400	175960000	4409	176360000	domain	400000
chr4	4410	176360000	4431	177240000	domain	880000
chr4	4432	177240000	4434	177360000	boundary	120000
chr4	4435	177360000	4464	178560000	domain	1200000
chr4	4465	178560000	4466	178640000	boundary	80000
chr4	4467	178640000	4493	179720000	domain	1080000
chr4	4494	179720000	4512	180480000	domain	760000
chr4	4513	180480000	4516	180640000	boundary	160000
chr4	4517	180640000	4539	181560000	domain	920000
chr4	4540	181560000	4573	182920000	domain	1360000
chr4	4574	182920000	4586	183440000	domain	520000
chr4	4587	183440000	4606	184240000	domain	800000
chr4	4607	184240000	4618	184720000	domain	480000
chr4	4619	184720000	4628	185120000	domain	400000
chr4	4629	185120000	4640	185600000	boundary	480000
chr4	4641	185600000	4656	186240000	domain	640000
chr4	4657	186240000	4665	186600000	domain	360000
chr4	4666	186600000	4740	189600000	domain	3000000
chr4	4741	189600000	4744	189760000	gap	160000
chr4	4745	189760000	4750	190000000	domain	240000
chr4	4751	190000000	4755	190200000	gap	200000
