chr	from.id	from.coord	to.id	to.coord	tag	size
chr2	1	0	17	680000	domain	680000
chr2	18	680000	22	880000	boundary	200000
chr2	23	880000	24	960000	boundary	80000
chr2	25	960000	39	1560000	domain	600000
chr2	40	1560000	46	1840000	boundary	280000
chr2	47	1840000	92	3680000	domain	1840000
chr2	93	3680000	120	4800000	domain	1120000
chr2	121	4800000	171	6840000	domain	2040000
chr2	172	6840000	177	7080000	boundary	240000
chr2	178	7080000	219	8760000	domain	1680000
chr2	220	8760000	235	9400000	domain	640000
chr2	236	9400000	245	9800000	boundary	400000
chr2	246	9800000	252	10080000	boundary	280000
chr2	253	10080000	268	10720000	domain	640000
chr2	269	10720000	278	11120000	domain	400000
chr2	279	11120000	292	11680000	domain	560000
chr2	293	11680000	295	11800000	boundary	120000
chr2	296	11800000	326	13040000	domain	1240000
chr2	327	13040000	390	15600000	domain	2560000
chr2	391	15600000	413	16520000	domain	920000
chr2	414	16520000	419	16760000	boundary	240000
chr2	420	16760000	442	17680000	domain	920000
chr2	443	17680000	460	18400000	domain	720000
chr2	461	18400000	484	19360000	domain	960000
chr2	485	19360000	498	19920000	domain	560000
chr2	499	19920000	509	20360000	boundary	440000
chr2	510	20360000	516	20640000	boundary	280000
chr2	517	20640000	525	21000000	domain	360000
chr2	526	21000000	529	21160000	boundary	160000
chr2	530	21160000	584	23360000	domain	2200000
chr2	585	23360000	595	23800000	domain	440000
chr2	596	23800000	602	24080000	boundary	280000
chr2	603	24080000	624	24960000	domain	880000
chr2	625	24960000	630	25200000	boundary	240000
chr2	631	25200000	640	25600000	domain	400000
chr2	641	25600000	647	25880000	boundary	280000
chr2	648	25880000	655	26200000	domain	320000
chr2	656	26200000	665	26600000	boundary	400000
chr2	666	26600000	669	26760000	boundary	160000
chr2	670	26760000	674	26960000	boundary	200000
chr2	675	26960000	684	27360000	boundary	400000
chr2	685	27360000	692	27680000	boundary	320000
chr2	693	27680000	713	28520000	domain	840000
chr2	714	28520000	723	28920000	domain	400000
chr2	724	28920000	730	29200000	boundary	280000
chr2	731	29200000	753	30120000	domain	920000
chr2	754	30120000	768	30720000	domain	600000
chr2	769	30720000	785	31400000	domain	680000
chr2	786	31400000	804	32160000	domain	760000
chr2	805	32160000	816	32640000	domain	480000
chr2	817	32640000	841	33640000	domain	1000000
chr2	842	33640000	862	34480000	domain	840000
chr2	863	34480000	863	34520000	gap	40000
chr2	864	34520000	908	36320000	domain	1800000
chr2	909	36320000	919	36760000	domain	440000
chr2	920	36760000	927	37080000	boundary	320000
chr2	928	37080000	933	37320000	boundary	240000
chr2	934	37320000	948	37920000	domain	600000
chr2	949	37920000	957	38280000	domain	360000
chr2	958	38280000	964	38560000	domain	280000
chr2	965	38560000	971	38840000	boundary	280000
chr2	972	38840000	981	39240000	domain	400000
chr2	982	39240000	995	39800000	domain	560000
chr2	996	39800000	1045	41800000	domain	2000000
chr2	1046	41800000	1052	42080000	boundary	280000
chr2	1053	42080000	1059	42360000	domain	280000
chr2	1060	42360000	1070	42800000	domain	440000
chr2	1071	42800000	1090	43600000	domain	800000
chr2	1091	43600000	1095	43800000	boundary	200000
chr2	1096	43800000	1109	44360000	domain	560000
chr2	1110	44360000	1124	44960000	domain	600000
chr2	1125	44960000	1140	45600000	domain	640000
chr2	1141	45600000	1149	45960000	boundary	360000
chr2	1150	45960000	1166	46640000	domain	680000
chr2	1167	46640000	1173	46920000	boundary	280000
chr2	1174	46920000	1185	47400000	domain	480000
chr2	1186	47400000	1215	48600000	domain	1200000
chr2	1216	48600000	1240	49600000	domain	1000000
chr2	1241	49600000	1263	50520000	domain	920000
chr2	1264	50520000	1345	53800000	domain	3280000
chr2	1346	53800000	1368	54720000	domain	920000
chr2	1369	54720000	1390	55600000	domain	880000
chr2	1391	55600000	1404	56160000	domain	560000
chr2	1405	56160000	1421	56840000	domain	680000
chr2	1422	56840000	1441	57640000	domain	800000
chr2	1442	57640000	1464	58560000	domain	920000
chr2	1465	58560000	1483	59320000	domain	760000
chr2	1484	59320000	1517	60680000	domain	1360000
chr2	1518	60680000	1525	61000000	boundary	320000
chr2	1526	61000000	1547	61880000	domain	880000
chr2	1548	61880000	1561	62440000	domain	560000
chr2	1562	62440000	1592	63680000	domain	1240000
chr2	1593	63680000	1597	63880000	boundary	200000
chr2	1598	63880000	1608	64320000	domain	440000
chr2	1609	64320000	1614	64560000	domain	240000
chr2	1615	64560000	1623	64920000	domain	360000
chr2	1624	64920000	1626	65040000	boundary	120000
chr2	1627	65040000	1631	65240000	boundary	200000
chr2	1632	65240000	1640	65600000	domain	360000
chr2	1641	65600000	1661	66440000	domain	840000
chr2	1662	66440000	1664	66560000	boundary	120000
chr2	1665	66560000	1701	68040000	domain	1480000
chr2	1702	68040000	1708	68320000	domain	280000
chr2	1709	68320000	1725	69000000	domain	680000
chr2	1726	69000000	1733	69320000	domain	320000
chr2	1734	69320000	1743	69720000	domain	400000
chr2	1744	69720000	1747	69880000	boundary	160000
chr2	1748	69880000	1757	70280000	domain	400000
chr2	1758	70280000	1775	71000000	domain	720000
chr2	1776	71000000	1776	71040000	gap	40000
chr2	1777	71040000	1804	72160000	domain	1120000
chr2	1805	72160000	1822	72880000	domain	720000
chr2	1823	72880000	1844	73760000	domain	880000
chr2	1845	73760000	1845	73800000	gap	40000
chr2	1846	73800000	1865	74600000	domain	800000
chr2	1866	74600000	1872	74880000	boundary	280000
chr2	1873	74880000	1892	75680000	domain	800000
chr2	1893	75680000	1923	76920000	domain	1240000
chr2	1924	76920000	1941	77640000	domain	720000
chr2	1942	77640000	1942	77680000	gap	40000
chr2	1943	77680000	1957	78280000	domain	600000
chr2	1958	78280000	1976	79040000	domain	760000
chr2	1977	79040000	1981	79240000	boundary	200000
chr2	1982	79240000	1999	79960000	domain	720000
chr2	2000	79960000	2021	80840000	domain	880000
chr2	2022	80840000	2110	84400000	domain	3560000
chr2	2111	84400000	2123	84920000	domain	520000
chr2	2124	84920000	2133	85320000	boundary	400000
chr2	2134	85320000	2140	85600000	boundary	280000
chr2	2141	85600000	2163	86520000	domain	920000
chr2	2164	86520000	2201	88040000	gap	1520000
chr2	2202	88040000	2219	88760000	domain	720000
chr2	2220	88760000	2220	88800000	gap	40000
chr2	2221	88800000	2225	89000000	domain	200000
chr2	2226	89000000	2372	94880000	gap	5880000
chr2	2373	94880000	2385	95400000	domain	520000
chr2	2386	95400000	2402	96080000	gap	680000
chr2	2403	96080000	2411	96440000	domain	360000
chr2	2412	96440000	2412	96480000	gap	40000
chr2	2413	96480000	2425	97000000	domain	520000
chr2	2426	97000000	2441	97640000	gap	640000
chr2	2442	97640000	2460	98400000	domain	760000
chr2	2461	98400000	2480	99200000	domain	800000
chr2	2481	99200000	2488	99520000	domain	320000
chr2	2489	99520000	2502	100080000	domain	560000
chr2	2503	100080000	2503	100120000	gap	40000
chr2	2504	100120000	2525	101000000	domain	880000
chr2	2526	101000000	2531	101240000	boundary	240000
chr2	2532	101240000	2550	102000000	domain	760000
chr2	2551	102000000	2562	102480000	domain	480000
chr2	2563	102480000	2571	102840000	boundary	360000
chr2	2572	102840000	2598	103920000	domain	1080000
chr2	2599	103920000	2627	105080000	domain	1160000
chr2	2628	105080000	2632	105280000	boundary	200000
chr2	2633	105280000	2638	105520000	boundary	240000
chr2	2639	105520000	2659	106360000	domain	840000
chr2	2660	106360000	2663	106520000	gap	160000
chr2	2664	106520000	2696	107840000	domain	1320000
chr2	2697	107840000	2698	107920000	gap	80000
chr2	2699	107920000	2712	108480000	domain	560000
chr2	2713	108480000	2719	108760000	gap	280000
chr2	2720	108760000	2743	109720000	domain	960000
chr2	2744	109720000	2766	110640000	gap	920000
chr2	2767	110640000	2781	111240000	domain	600000
chr2	2782	111240000	2797	111880000	gap	640000
chr2	2798	111880000	2809	112360000	domain	480000
chr2	2810	112360000	2811	112440000	gap	80000
chr2	2812	112440000	2835	113400000	domain	960000
chr2	2836	113400000	2842	113680000	gap	280000
chr2	2843	113680000	2867	114680000	domain	1000000
chr2	2868	114680000	2885	115400000	domain	720000
chr2	2886	115400000	2892	115680000	boundary	280000
chr2	2893	115680000	2902	116080000	boundary	400000
chr2	2903	116080000	2931	117240000	domain	1160000
chr2	2932	117240000	2936	117440000	domain	200000
chr2	2937	117440000	2945	117800000	domain	360000
chr2	2946	117800000	2950	118000000	boundary	200000
chr2	2951	118000000	2954	118160000	boundary	160000
chr2	2955	118160000	2973	118920000	domain	760000
chr2	2974	118920000	2992	119680000	domain	760000
chr2	2993	119680000	3008	120320000	domain	640000
chr2	3009	120320000	3017	120680000	domain	360000
chr2	3018	120680000	3027	121080000	domain	400000
chr2	3028	121080000	3044	121760000	domain	680000
chr2	3045	121760000	3108	124320000	domain	2560000
chr2	3109	124320000	3109	124360000	gap	40000
chr2	3110	124360000	3138	125520000	domain	1160000
chr2	3139	125520000	3176	127040000	domain	1520000
chr2	3177	127040000	3187	127480000	domain	440000
chr2	3188	127480000	3193	127720000	boundary	240000
chr2	3194	127720000	3197	127880000	boundary	160000
chr2	3198	127880000	3205	128200000	boundary	320000
chr2	3206	128200000	3249	129960000	domain	1760000
chr2	3250	129960000	3256	130240000	gap	280000
chr2	3257	130240000	3260	130400000	domain	160000
chr2	3261	130400000	3268	130720000	gap	320000
chr2	3269	130720000	3280	131200000	domain	480000
chr2	3281	131200000	3309	132360000	gap	1160000
chr2	3310	132360000	3330	133200000	domain	840000
chr2	3331	133200000	3347	133880000	domain	680000
chr2	3348	133880000	3362	134480000	domain	600000
chr2	3363	134480000	3373	134920000	domain	440000
chr2	3374	134920000	3395	135800000	domain	880000
chr2	3396	135800000	3410	136400000	domain	600000
chr2	3411	136400000	3447	137880000	domain	1480000
chr2	3448	137880000	3471	138840000	domain	960000
chr2	3472	138840000	3554	142160000	domain	3320000
chr2	3555	142160000	3577	143080000	domain	920000
chr2	3578	143080000	3667	146680000	domain	3600000
chr2	3668	146680000	3698	147920000	domain	1240000
chr2	3699	147920000	3725	149000000	domain	1080000
chr2	3726	149000000	3740	149600000	domain	600000
chr2	3741	149600000	3789	151560000	domain	1960000
chr2	3790	151560000	3790	151600000	gap	40000
chr2	3791	151600000	3804	152160000	domain	560000
chr2	3805	152160000	3819	152760000	domain	600000
chr2	3820	152760000	3841	153640000	domain	880000
chr2	3842	153640000	3860	154400000	domain	760000
chr2	3861	154400000	3883	155320000	domain	920000
chr2	3884	155320000	3932	157280000	domain	1960000
chr2	3933	157280000	3951	158040000	domain	760000
chr2	3952	158040000	3971	158840000	domain	800000
chr2	3972	158840000	4002	160080000	domain	1240000
chr2	4003	160080000	4029	161160000	domain	1080000
chr2	4030	161160000	4054	162160000	domain	1000000
chr2	4055	162160000	4058	162320000	boundary	160000
chr2	4059	162320000	4079	163160000	domain	840000
chr2	4080	163160000	4114	164560000	domain	1400000
chr2	4115	164560000	4131	165240000	domain	680000
chr2	4132	165240000	4149	165960000	domain	720000
chr2	4150	165960000	4155	166200000	boundary	240000
chr2	4156	166200000	4181	167240000	domain	1040000
chr2	4182	167240000	4203	168120000	domain	880000
chr2	4204	168120000	4207	168280000	boundary	160000
chr2	4208	168280000	4224	168960000	domain	680000
chr2	4225	168960000	4236	169440000	domain	480000
chr2	4237	169440000	4254	170160000	domain	720000
chr2	4255	170160000	4273	170920000	domain	760000
chr2	4274	170920000	4289	171560000	domain	640000
chr2	4290	171560000	4304	172160000	domain	600000
chr2	4305	172160000	4319	172760000	domain	600000
chr2	4320	172760000	4335	173400000	domain	640000
chr2	4336	173400000	4360	174400000	domain	1000000
chr2	4361	174400000	4367	174680000	boundary	280000
chr2	4368	174680000	4381	175240000	domain	560000
chr2	4382	175240000	4402	176080000	domain	840000
chr2	4403	176080000	4417	176680000	domain	600000
chr2	4418	176680000	4429	177160000	domain	480000
chr2	4430	177160000	4433	177320000	boundary	160000
chr2	4434	177320000	4444	177760000	domain	440000
chr2	4445	177760000	4466	178640000	domain	880000
chr2	4467	178640000	4467	178680000	gap	40000
chr2	4468	178680000	4502	180080000	domain	1400000
chr2	4503	180080000	4526	181040000	domain	960000
chr2	4527	181040000	4553	182120000	domain	1080000
chr2	4554	182120000	4568	182720000	domain	600000
chr2	4569	182720000	4578	183120000	domain	400000
chr2	4579	183120000	4629	185160000	domain	2040000
chr2	4630	185160000	4662	186480000	domain	1320000
chr2	4663	186480000	4670	186800000	domain	320000
chr2	4671	186800000	4687	187480000	domain	680000
chr2	4688	187480000	4713	188520000	domain	1040000
chr2	4714	188520000	4736	189440000	domain	920000
chr2	4737	189440000	4741	189640000	boundary	200000
chr2	4742	189640000	4743	189720000	boundary	80000
chr2	4744	189720000	4776	191040000	domain	1320000
chr2	4777	191040000	4789	191560000	domain	520000
chr2	4790	191560000	4793	191720000	boundary	160000
chr2	4794	191720000	4805	192200000	domain	480000
chr2	4806	192200000	4901	196040000	domain	3840000
chr2	4902	196040000	4919	196760000	domain	720000
chr2	4920	196760000	4943	197720000	domain	960000
chr2	4944	197720000	4958	198320000	domain	600000
chr2	4959	198320000	4998	199920000	domain	1600000
chr2	4999	199920000	5014	200560000	domain	640000
chr2	5015	200560000	5021	200840000	boundary	280000
chr2	5022	200840000	5030	201200000	boundary	360000
chr2	5031	201200000	5044	201760000	domain	560000
chr2	5045	201760000	5057	202280000	domain	520000
chr2	5058	202280000	5080	203200000	domain	920000
chr2	5081	203200000	5086	203440000	boundary	240000
chr2	5087	203440000	5098	203920000	domain	480000
chr2	5099	203920000	5149	205960000	domain	2040000
chr2	5150	205960000	5154	206160000	boundary	200000
chr2	5155	206160000	5167	206680000	domain	520000
chr2	5168	206680000	5188	207520000	domain	840000
chr2	5189	207520000	5193	207720000	boundary	200000
chr2	5194	207720000	5220	208800000	domain	1080000
chr2	5221	208800000	5221	208840000	gap	40000
chr2	5222	208840000	5250	210000000	domain	1160000
chr2	5251	210000000	5256	210240000	domain	240000
chr2	5257	210240000	5262	210480000	boundary	240000
chr2	5263	210480000	5276	211040000	domain	560000
chr2	5277	211040000	5293	211720000	domain	680000
chr2	5294	211720000	5316	212640000	domain	920000
chr2	5317	212640000	5331	213240000	domain	600000
chr2	5332	213240000	5383	215320000	domain	2080000
chr2	5384	215320000	5402	216080000	domain	760000
chr2	5403	216080000	5412	216480000	domain	400000
chr2	5413	216480000	5417	216680000	boundary	200000
chr2	5418	216680000	5444	217760000	domain	1080000
chr2	5445	217760000	5454	218160000	domain	400000
chr2	5455	218160000	5460	218400000	boundary	240000
chr2	5461	218400000	5468	218720000	domain	320000
chr2	5469	218720000	5474	218960000	boundary	240000
chr2	5475	218960000	5479	219160000	boundary	200000
chr2	5480	219160000	5485	219400000	boundary	240000
chr2	5486	219400000	5492	219680000	boundary	280000
chr2	5493	219680000	5550	222000000	domain	2320000
chr2	5551	222000000	5566	222640000	domain	640000
chr2	5567	222640000	5574	222960000	domain	320000
chr2	5575	222960000	5599	223960000	domain	1000000
chr2	5600	223960000	5626	225040000	domain	1080000
chr2	5627	225040000	5642	225680000	domain	640000
chr2	5643	225680000	5670	226800000	domain	1120000
chr2	5671	226800000	5675	227000000	boundary	200000
chr2	5676	227000000	5678	227120000	boundary	120000
chr2	5679	227120000	5697	227880000	domain	760000
chr2	5698	227880000	5717	228680000	domain	800000
chr2	5718	228680000	5743	229720000	domain	1040000
chr2	5744	229720000	5770	230800000	domain	1080000
chr2	5771	230800000	5776	231040000	boundary	240000
chr2	5777	231040000	5790	231600000	domain	560000
chr2	5791	231600000	5814	232560000	domain	960000
chr2	5815	232560000	5832	233280000	domain	720000
chr2	5833	233280000	5836	233440000	boundary	160000
chr2	5837	233440000	5846	233840000	domain	400000
chr2	5847	233840000	5863	234520000	domain	680000
chr2	5864	234520000	5878	235120000	domain	600000
chr2	5879	235120000	5894	235760000	domain	640000
chr2	5895	235760000	5908	236320000	domain	560000
chr2	5909	236320000	5927	237080000	domain	760000
chr2	5928	237080000	5937	237480000	domain	400000
chr2	5938	237480000	5944	237760000	boundary	280000
chr2	5945	237760000	5958	238320000	domain	560000
chr2	5959	238320000	5975	239000000	domain	680000
chr2	5976	239000000	6001	240040000	domain	1040000
chr2	6002	240040000	6004	240160000	boundary	120000
chr2	6005	240160000	6012	240480000	domain	320000
chr2	6013	240480000	6020	240800000	boundary	320000
chr2	6021	240800000	6030	241200000	boundary	400000
chr2	6031	241200000	6052	242080000	domain	880000
chr2	6053	242080000	6055	242193529	gap	113529
