chr	from.id	from.coord	to.id	to.coord	tag	size
chrX	1	0	6	240000	gap	240000
chrX	7	240000	31	1240000	domain	1000000
chrX	32	1240000	41	1640000	domain	400000
chrX	42	1640000	49	1960000	domain	320000
chrX	50	1960000	53	2120000	gap	160000
chrX	54	2120000	65	2600000	domain	480000
chrX	66	2600000	71	2840000	domain	240000
chrX	72	2840000	75	3000000	domain	160000
chrX	76	3000000	78	3120000	boundary	120000
chrX	79	3120000	95	3800000	domain	680000
chrX	96	3800000	99	3960000	gap	160000
chrX	100	3960000	112	4480000	domain	520000
chrX	113	4480000	114	4560000	boundary	80000
chrX	115	4560000	118	4720000	domain	160000
chrX	119	4720000	128	5120000	domain	400000
chrX	129	5120000	151	6040000	domain	920000
chrX	152	6040000	179	7160000	domain	1120000
chrX	180	7160000	198	7920000	domain	760000
chrX	199	7920000	219	8760000	domain	840000
chrX	220	8760000	243	9720000	domain	960000
chrX	244	9720000	254	10160000	domain	440000
chrX	255	10160000	278	11120000	domain	960000
chrX	279	11120000	288	11520000	domain	400000
chrX	289	11520000	295	11800000	domain	280000
chrX	296	11800000	301	12040000	domain	240000
chrX	302	12040000	319	12760000	domain	720000
chrX	320	12760000	323	12920000	boundary	160000
chrX	324	12920000	338	13520000	domain	600000
chrX	339	13520000	341	13640000	domain	120000
chrX	342	13640000	351	14040000	domain	400000
chrX	352	14040000	381	15240000	domain	1200000
chrX	382	15240000	392	15680000	domain	440000
chrX	393	15680000	408	16320000	domain	640000
chrX	409	16320000	409	16360000	gap	40000
chrX	410	16360000	418	16720000	domain	360000
chrX	419	16720000	429	17160000	domain	440000
chrX	430	17160000	443	17720000	domain	560000
chrX	444	17720000	459	18360000	domain	640000
chrX	460	18360000	473	18920000	domain	560000
chrX	474	18920000	484	19360000	domain	440000
chrX	485	19360000	497	19880000	domain	520000
chrX	498	19880000	503	20120000	domain	240000
chrX	504	20120000	513	20520000	domain	400000
chrX	514	20520000	543	21720000	domain	1200000
chrX	544	21720000	550	22000000	domain	280000
chrX	551	22000000	570	22800000	domain	800000
chrX	571	22800000	591	23640000	domain	840000
chrX	592	23640000	601	24040000	domain	400000
chrX	602	24040000	607	24280000	domain	240000
chrX	608	24280000	629	25160000	domain	880000
chrX	630	25160000	637	25480000	domain	320000
chrX	638	25480000	650	26000000	domain	520000
chrX	651	26000000	665	26600000	domain	600000
chrX	666	26600000	685	27400000	domain	800000
chrX	686	27400000	697	27880000	domain	480000
chrX	698	27880000	714	28560000	domain	680000
chrX	715	28560000	728	29120000	domain	560000
chrX	729	29120000	755	30200000	domain	1080000
chrX	756	30200000	764	30560000	domain	360000
chrX	765	30560000	775	31000000	domain	440000
chrX	776	31000000	792	31680000	domain	680000
chrX	793	31680000	812	32480000	domain	800000
chrX	813	32480000	835	33400000	domain	920000
chrX	836	33400000	843	33720000	domain	320000
chrX	844	33720000	858	34320000	domain	600000
chrX	859	34320000	866	34640000	domain	320000
chrX	867	34640000	896	35840000	domain	1200000
chrX	897	35840000	927	37080000	domain	1240000
chrX	928	37080000	932	37280000	gap	200000
chrX	933	37280000	946	37840000	domain	560000
chrX	947	37840000	955	38200000	domain	360000
chrX	956	38200000	959	38360000	domain	160000
chrX	960	38360000	966	38640000	domain	280000
chrX	967	38640000	980	39200000	domain	560000
chrX	981	39200000	991	39640000	domain	440000
chrX	992	39640000	1005	40200000	domain	560000
chrX	1006	40200000	1013	40520000	domain	320000
chrX	1014	40520000	1020	40800000	domain	280000
chrX	1021	40800000	1029	41160000	domain	360000
chrX	1030	41160000	1032	41280000	boundary	120000
chrX	1033	41280000	1034	41360000	boundary	80000
chrX	1035	41360000	1045	41800000	domain	440000
chrX	1046	41800000	1068	42720000	domain	920000
chrX	1069	42720000	1088	43520000	domain	800000
chrX	1089	43520000	1095	43800000	domain	280000
chrX	1096	43800000	1099	43960000	domain	160000
chrX	1100	43960000	1121	44840000	domain	880000
chrX	1122	44840000	1130	45200000	domain	360000
chrX	1131	45200000	1160	46400000	domain	1200000
chrX	1161	46400000	1170	46800000	domain	400000
chrX	1171	46800000	1178	47120000	domain	320000
chrX	1179	47120000	1200	48000000	domain	880000
chrX	1201	48000000	1204	48160000	gap	160000
chrX	1205	48160000	1209	48360000	domain	200000
chrX	1210	48360000	1211	48440000	gap	80000
chrX	1212	48440000	1233	49320000	domain	880000
chrX	1234	49320000	1240	49600000	gap	280000
chrX	1241	49600000	1247	49880000	domain	280000
chrX	1248	49880000	1256	50240000	domain	360000
chrX	1257	50240000	1257	50280000	gap	40000
chrX	1258	50280000	1266	50640000	domain	360000
chrX	1267	50640000	1277	51080000	domain	440000
chrX	1278	51080000	1292	51680000	domain	600000
chrX	1293	51680000	1293	51720000	gap	40000
chrX	1294	51720000	1301	52040000	domain	320000
chrX	1302	52040000	1306	52240000	gap	200000
chrX	1307	52240000	1311	52440000	domain	200000
chrX	1312	52440000	1324	52960000	gap	520000
chrX	1325	52960000	1349	53960000	domain	1000000
chrX	1350	53960000	1364	54560000	domain	600000
chrX	1365	54560000	1377	55080000	domain	520000
chrX	1378	55080000	1386	55440000	domain	360000
chrX	1387	55440000	1388	55520000	gap	80000
chrX	1389	55520000	1406	56240000	domain	720000
chrX	1407	56240000	1418	56720000	domain	480000
chrX	1419	56720000	1425	57000000	domain	280000
chrX	1426	57000000	1439	57560000	domain	560000
chrX	1440	57560000	1452	58080000	domain	520000
chrX	1453	58080000	1570	62800000	gap	4720000
chrX	1571	62800000	1578	63120000	domain	320000
chrX	1579	63120000	1582	63280000	gap	160000
chrX	1583	63280000	1594	63760000	domain	480000
chrX	1595	63760000	1602	64080000	domain	320000
chrX	1603	64080000	1614	64560000	domain	480000
chrX	1615	64560000	1622	64880000	domain	320000
chrX	1623	64880000	1638	65520000	domain	640000
chrX	1639	65520000	1653	66120000	domain	600000
chrX	1654	66120000	1668	66720000	domain	600000
chrX	1669	66720000	1689	67560000	domain	840000
chrX	1690	67560000	1703	68120000	domain	560000
chrX	1704	68120000	1713	68520000	domain	400000
chrX	1714	68520000	1720	68800000	domain	280000
chrX	1721	68800000	1736	69440000	domain	640000
chrX	1737	69440000	1753	70120000	domain	680000
chrX	1754	70120000	1774	70960000	domain	840000
chrX	1775	70960000	1782	71280000	domain	320000
chrX	1783	71280000	1792	71680000	domain	400000
chrX	1793	71680000	1795	71800000	gap	120000
chrX	1796	71800000	1806	72240000	domain	440000
chrX	1807	72240000	1818	72720000	domain	480000
chrX	1819	72720000	1828	73120000	gap	400000
chrX	1829	73120000	1846	73840000	domain	720000
chrX	1847	73840000	1859	74360000	domain	520000
chrX	1860	74360000	1865	74600000	domain	240000
chrX	1866	74600000	1892	75680000	domain	1080000
chrX	1893	75680000	1903	76120000	domain	440000
chrX	1904	76120000	1906	76240000	domain	120000
chrX	1907	76240000	1913	76520000	domain	280000
chrX	1914	76520000	1937	77480000	domain	960000
chrX	1938	77480000	1952	78080000	domain	600000
chrX	1953	78080000	1964	78560000	domain	480000
chrX	1965	78560000	1976	79040000	domain	480000
chrX	1977	79040000	1987	79480000	domain	440000
chrX	1988	79480000	2007	80280000	domain	800000
chrX	2008	80280000	2016	80640000	domain	360000
chrX	2017	80640000	2020	80800000	domain	160000
chrX	2021	80800000	2035	81400000	domain	600000
chrX	2036	81400000	2040	81600000	domain	200000
chrX	2041	81600000	2048	81920000	domain	320000
chrX	2049	81920000	2055	82200000	domain	280000
chrX	2056	82200000	2066	82640000	domain	440000
chrX	2067	82640000	2087	83480000	domain	840000
chrX	2088	83480000	2099	83960000	domain	480000
chrX	2100	83960000	2127	85080000	domain	1120000
chrX	2128	85080000	2137	85480000	domain	400000
chrX	2138	85480000	2145	85800000	boundary	320000
chrX	2146	85800000	2153	86120000	domain	320000
chrX	2154	86120000	2164	86560000	domain	440000
chrX	2165	86560000	2169	86760000	domain	200000
chrX	2170	86760000	2177	87080000	domain	320000
chrX	2178	87080000	2184	87360000	boundary	280000
chrX	2185	87360000	2190	87600000	domain	240000
chrX	2191	87600000	2193	87720000	domain	120000
chrX	2194	87720000	2201	88040000	boundary	320000
chrX	2202	88040000	2216	88640000	domain	600000
chrX	2217	88640000	2219	88760000	boundary	120000
chrX	2220	88760000	2230	89200000	domain	440000
chrX	2231	89200000	2281	91240000	gap	2040000
chrX	2282	91240000	2287	91480000	domain	240000
chrX	2288	91480000	2328	93120000	gap	1640000
chrX	2329	93120000	2338	93520000	domain	400000
chrX	2339	93520000	2340	93600000	boundary	80000
chrX	2341	93600000	2345	93800000	boundary	200000
chrX	2346	93800000	2358	94320000	domain	520000
chrX	2359	94320000	2367	94680000	domain	360000
chrX	2368	94680000	2371	94840000	domain	160000
chrX	2372	94840000	2382	95280000	domain	440000
chrX	2383	95280000	2394	95760000	domain	480000
chrX	2395	95760000	2408	96320000	domain	560000
chrX	2409	96320000	2443	97720000	domain	1400000
chrX	2444	97720000	2472	98880000	domain	1160000
chrX	2473	98880000	2482	99280000	domain	400000
chrX	2483	99280000	2495	99800000	domain	520000
chrX	2496	99800000	2503	100120000	domain	320000
chrX	2504	100120000	2511	100440000	domain	320000
chrX	2512	100440000	2520	100800000	domain	360000
chrX	2521	100800000	2533	101320000	domain	520000
chrX	2534	101320000	2535	101400000	boundary	80000
chrX	2536	101400000	2555	102200000	domain	800000
chrX	2556	102200000	2562	102480000	gap	280000
chrX	2563	102480000	2573	102920000	domain	440000
chrX	2574	102920000	2580	103200000	domain	280000
chrX	2581	103200000	2588	103520000	domain	320000
chrX	2589	103520000	2599	103960000	domain	440000
chrX	2600	103960000	2602	104080000	gap	120000
chrX	2603	104080000	2614	104560000	domain	480000
chrX	2615	104560000	2623	104920000	domain	360000
chrX	2624	104920000	2631	105240000	domain	320000
chrX	2632	105240000	2657	106280000	domain	1040000
chrX	2658	106280000	2658	106320000	gap	40000
chrX	2659	106320000	2670	106800000	domain	480000
chrX	2671	106800000	2690	107600000	domain	800000
chrX	2691	107600000	2703	108120000	domain	520000
chrX	2704	108120000	2719	108760000	domain	640000
chrX	2720	108760000	2737	109480000	domain	720000
chrX	2738	109480000	2747	109880000	domain	400000
chrX	2748	109880000	2754	110160000	domain	280000
chrX	2755	110160000	2761	110440000	domain	280000
chrX	2762	110440000	2772	110880000	domain	440000
chrX	2773	110880000	2782	111280000	domain	400000
chrX	2783	111280000	2794	111760000	domain	480000
chrX	2795	111760000	2803	112120000	domain	360000
chrX	2804	112120000	2817	112680000	domain	560000
chrX	2818	112680000	2825	113000000	domain	320000
chrX	2826	113000000	2848	113920000	domain	920000
chrX	2849	113920000	2857	114280000	domain	360000
chrX	2858	114280000	2858	114320000	gap	40000
chrX	2859	114320000	2865	114600000	domain	280000
chrX	2866	114600000	2874	114960000	domain	360000
chrX	2875	114960000	2881	115240000	domain	280000
chrX	2882	115240000	2893	115720000	domain	480000
chrX	2894	115720000	2897	115880000	gap	160000
chrX	2898	115880000	2914	116560000	domain	680000
chrX	2915	116560000	2915	116600000	gap	40000
chrX	2916	116600000	2926	117040000	domain	440000
chrX	2927	117040000	2945	117800000	domain	760000
chrX	2946	117800000	2958	118320000	domain	520000
chrX	2959	118320000	2971	118840000	domain	520000
chrX	2972	118840000	2978	119120000	domain	280000
chrX	2979	119120000	2984	119360000	domain	240000
chrX	2985	119360000	3001	120040000	domain	680000
chrX	3002	120040000	3005	120200000	gap	160000
chrX	3006	120200000	3012	120480000	domain	280000
chrX	3013	120480000	3022	120880000	domain	400000
chrX	3023	120880000	3025	121000000	gap	120000
chrX	3026	121000000	3040	121600000	domain	600000
chrX	3041	121600000	3078	123120000	domain	1520000
chrX	3079	123120000	3086	123440000	domain	320000
chrX	3087	123440000	3094	123760000	domain	320000
chrX	3095	123760000	3103	124120000	domain	360000
chrX	3104	124120000	3110	124400000	domain	280000
chrX	3111	124400000	3168	126720000	domain	2320000
chrX	3169	126720000	3179	127160000	domain	440000
chrX	3180	127160000	3189	127560000	domain	400000
chrX	3190	127560000	3195	127800000	domain	240000
chrX	3196	127800000	3201	128040000	domain	240000
chrX	3202	128040000	3213	128520000	domain	480000
chrX	3214	128520000	3238	129520000	domain	1000000
chrX	3239	129520000	3247	129880000	domain	360000
chrX	3248	129880000	3257	130280000	domain	400000
chrX	3258	130280000	3259	130360000	boundary	80000
chrX	3260	130360000	3274	130960000	domain	600000
chrX	3275	130960000	3294	131760000	domain	800000
chrX	3295	131760000	3316	132640000	domain	880000
chrX	3317	132640000	3331	133240000	domain	600000
chrX	3332	133240000	3342	133680000	domain	440000
chrX	3343	133680000	3360	134400000	domain	720000
chrX	3361	134400000	3378	135120000	domain	720000
chrX	3379	135120000	3382	135280000	gap	160000
chrX	3383	135280000	3393	135720000	domain	440000
chrX	3394	135720000	3397	135880000	gap	160000
chrX	3398	135880000	3424	136960000	domain	1080000
chrX	3425	136960000	3427	137080000	boundary	120000
chrX	3428	137080000	3452	138080000	domain	1000000
chrX	3453	138080000	3469	138760000	domain	680000
chrX	3470	138760000	3489	139560000	domain	800000
chrX	3490	139560000	3500	140000000	domain	440000
chrX	3501	140000000	3504	140160000	boundary	160000
chrX	3505	140160000	3525	141000000	domain	840000
chrX	3526	141000000	3528	141120000	gap	120000
chrX	3529	141120000	3537	141480000	domain	360000
chrX	3538	141480000	3543	141720000	gap	240000
chrX	3544	141720000	3551	142040000	domain	320000
chrX	3552	142040000	3554	142160000	domain	120000
chrX	3555	142160000	3563	142520000	domain	360000
chrX	3564	142520000	3567	142680000	domain	160000
chrX	3568	142680000	3580	143200000	domain	520000
chrX	3581	143200000	3584	143360000	boundary	160000
chrX	3585	143360000	3593	143720000	domain	360000
chrX	3594	143720000	3602	144080000	domain	360000
chrX	3603	144080000	3606	144240000	gap	160000
chrX	3607	144240000	3610	144400000	domain	160000
chrX	3611	144400000	3612	144480000	gap	80000
chrX	3613	144480000	3624	144960000	domain	480000
chrX	3625	144960000	3631	145240000	boundary	280000
chrX	3632	145240000	3641	145640000	boundary	400000
chrX	3642	145640000	3650	146000000	domain	360000
chrX	3651	146000000	3656	146240000	boundary	240000
chrX	3657	146240000	3670	146800000	domain	560000
chrX	3671	146800000	3671	146840000	gap	40000
chrX	3672	146840000	3682	147280000	domain	440000
chrX	3683	147280000	3684	147360000	boundary	80000
chrX	3685	147360000	3699	147960000	domain	600000
chrX	3700	147960000	3738	149520000	domain	1560000
chrX	3739	149520000	3749	149960000	gap	440000
chrX	3750	149960000	3768	150720000	domain	760000
chrX	3769	150720000	3778	151120000	domain	400000
chrX	3779	151120000	3792	151680000	domain	560000
chrX	3793	151680000	3817	152680000	domain	1000000
chrX	3818	152680000	3820	152800000	gap	120000
chrX	3821	152800000	3827	153080000	domain	280000
chrX	3828	153080000	3832	153280000	gap	200000
chrX	3833	153280000	3842	153680000	domain	400000
chrX	3843	153680000	3854	154160000	domain	480000
chrX	3855	154160000	3857	154280000	gap	120000
chrX	3858	154280000	3864	154560000	domain	280000
chrX	3865	154560000	3866	154640000	gap	80000
chrX	3867	154640000	3883	155320000	domain	680000
chrX	3884	155320000	3883	155320000	gap	0
chrX	3884	155320000	3890	155600000	gap	280000
chrX	3891	155600000	3901	156040000	domain	440000
