chr	from.id	from.coord	to.id	to.coord	tag	size
chr10	1	0	2	80000	gap	80000
chr10	3	80000	12	480000	domain	400000
chr10	13	480000	20	800000	domain	320000
chr10	21	800000	27	1080000	domain	280000
chr10	28	1080000	44	1760000	domain	680000
chr10	45	1760000	79	3160000	domain	1400000
chr10	80	3160000	94	3760000	domain	600000
chr10	95	3760000	124	4960000	domain	1200000
chr10	125	4960000	125	5000000	gap	40000
chr10	126	5000000	135	5400000	domain	400000
chr10	136	5400000	141	5640000	domain	240000
chr10	142	5640000	148	5920000	domain	280000
chr10	149	5920000	152	6080000	boundary	160000
chr10	153	6080000	161	6440000	domain	360000
chr10	162	6440000	173	6920000	domain	480000
chr10	174	6920000	186	7440000	domain	520000
chr10	187	7440000	196	7840000	domain	400000
chr10	197	7840000	222	8880000	domain	1040000
chr10	223	8880000	233	9320000	domain	440000
chr10	234	9320000	245	9800000	domain	480000
chr10	246	9800000	256	10240000	domain	440000
chr10	257	10240000	268	10720000	domain	480000
chr10	269	10720000	287	11480000	domain	760000
chr10	288	11480000	294	11760000	domain	280000
chr10	295	11760000	305	12200000	domain	440000
chr10	306	12200000	318	12720000	domain	520000
chr10	319	12720000	328	13120000	domain	400000
chr10	329	13120000	340	13600000	domain	480000
chr10	341	13600000	345	13800000	domain	200000
chr10	346	13800000	354	14160000	domain	360000
chr10	355	14160000	362	14480000	domain	320000
chr10	363	14480000	371	14840000	domain	360000
chr10	372	14840000	379	15160000	domain	320000
chr10	380	15160000	385	15400000	domain	240000
chr10	386	15400000	397	15880000	domain	480000
chr10	398	15880000	420	16800000	domain	920000
chr10	421	16800000	432	17280000	domain	480000
chr10	433	17280000	440	17600000	domain	320000
chr10	441	17600000	446	17840000	domain	240000
chr10	447	17840000	456	18240000	domain	400000
chr10	457	18240000	467	18680000	domain	440000
chr10	468	18680000	477	19080000	domain	400000
chr10	478	19080000	485	19400000	domain	320000
chr10	486	19400000	495	19800000	domain	400000
chr10	496	19800000	520	20800000	domain	1000000
chr10	521	20800000	532	21280000	domain	480000
chr10	533	21280000	538	21520000	domain	240000
chr10	539	21520000	550	22000000	domain	480000
chr10	551	22000000	558	22320000	domain	320000
chr10	559	22320000	577	23080000	domain	760000
chr10	578	23080000	614	24560000	domain	1480000
chr10	615	24560000	627	25080000	domain	520000
chr10	628	25080000	643	25720000	domain	640000
chr10	644	25720000	658	26320000	domain	600000
chr10	659	26320000	666	26640000	domain	320000
chr10	667	26640000	676	27040000	gap	400000
chr10	677	27040000	682	27280000	domain	240000
chr10	683	27280000	684	27360000	gap	80000
chr10	685	27360000	693	27720000	domain	360000
chr10	694	27720000	706	28240000	domain	520000
chr10	707	28240000	710	28400000	domain	160000
chr10	711	28400000	716	28640000	domain	240000
chr10	717	28640000	734	29360000	domain	720000
chr10	735	29360000	744	29760000	domain	400000
chr10	745	29760000	748	29920000	domain	160000
chr10	749	29920000	759	30360000	domain	440000
chr10	760	30360000	767	30680000	domain	320000
chr10	768	30680000	795	31800000	domain	1120000
chr10	796	31800000	810	32400000	domain	600000
chr10	811	32400000	819	32760000	domain	360000
chr10	820	32760000	829	33160000	domain	400000
chr10	830	33160000	866	34640000	domain	1480000
chr10	867	34640000	877	35080000	domain	440000
chr10	878	35080000	881	35240000	domain	160000
chr10	882	35240000	890	35600000	domain	360000
chr10	891	35600000	898	35920000	domain	320000
chr10	899	35920000	920	36800000	domain	880000
chr10	921	36800000	927	37080000	domain	280000
chr10	928	37080000	930	37200000	gap	120000
chr10	931	37200000	941	37640000	boundary	440000
chr10	942	37640000	945	37800000	boundary	160000
chr10	946	37800000	955	38200000	domain	400000
chr10	956	38200000	1061	42440000	gap	4240000
chr10	1062	42440000	1071	42840000	domain	400000
chr10	1072	42840000	1078	43120000	domain	280000
chr10	1079	43120000	1091	43640000	domain	520000
chr10	1092	43640000	1109	44360000	domain	720000
chr10	1110	44360000	1122	44880000	domain	520000
chr10	1123	44880000	1142	45680000	domain	800000
chr10	1143	45680000	1175	47000000	gap	1320000
chr10	1176	47000000	1186	47440000	domain	440000
chr10	1187	47440000	1205	48200000	gap	760000
chr10	1206	48200000	1217	48680000	domain	480000
chr10	1218	48680000	1235	49400000	domain	720000
chr10	1236	49400000	1239	49560000	boundary	160000
chr10	1240	49560000	1246	49840000	domain	280000
chr10	1247	49840000	1255	50200000	gap	360000
chr10	1256	50200000	1267	50680000	domain	480000
chr10	1268	50680000	1270	50800000	gap	120000
chr10	1271	50800000	1286	51440000	domain	640000
chr10	1287	51440000	1300	52000000	domain	560000
chr10	1301	52000000	1306	52240000	domain	240000
chr10	1307	52240000	1315	52600000	domain	360000
chr10	1316	52600000	1320	52800000	domain	200000
chr10	1321	52800000	1330	53200000	domain	400000
chr10	1331	53200000	1361	54440000	domain	1240000
chr10	1362	54440000	1374	54960000	domain	520000
chr10	1375	54960000	1386	55440000	domain	480000
chr10	1387	55440000	1394	55760000	domain	320000
chr10	1395	55760000	1395	55800000	gap	40000
chr10	1396	55800000	1413	56520000	domain	720000
chr10	1414	56520000	1432	57280000	domain	760000
chr10	1433	57280000	1442	57680000	domain	400000
chr10	1443	57680000	1454	58160000	domain	480000
chr10	1455	58160000	1460	58400000	domain	240000
chr10	1461	58400000	1470	58800000	domain	400000
chr10	1471	58800000	1481	59240000	domain	440000
chr10	1482	59240000	1490	59600000	domain	360000
chr10	1491	59600000	1502	60080000	domain	480000
chr10	1503	60080000	1520	60800000	domain	720000
chr10	1521	60800000	1557	62280000	domain	1480000
chr10	1558	62280000	1579	63160000	domain	880000
chr10	1580	63160000	1596	63840000	domain	680000
chr10	1597	63840000	1600	64000000	domain	160000
chr10	1601	64000000	1618	64720000	domain	720000
chr10	1619	64720000	1654	66160000	domain	1440000
chr10	1655	66160000	1673	66920000	domain	760000
chr10	1674	66920000	1680	67200000	domain	280000
chr10	1681	67200000	1685	67400000	gap	200000
chr10	1686	67400000	1695	67800000	domain	400000
chr10	1696	67800000	1709	68360000	domain	560000
chr10	1710	68360000	1719	68760000	domain	400000
chr10	1720	68760000	1723	68920000	domain	160000
chr10	1724	68920000	1730	69200000	domain	280000
chr10	1731	69200000	1735	69400000	domain	200000
chr10	1736	69400000	1749	69960000	domain	560000
chr10	1750	69960000	1754	70160000	domain	200000
chr10	1755	70160000	1761	70440000	domain	280000
chr10	1762	70440000	1770	70800000	domain	360000
chr10	1771	70800000	1773	70920000	boundary	120000
chr10	1774	70920000	1782	71280000	domain	360000
chr10	1783	71280000	1796	71840000	domain	560000
chr10	1797	71840000	1809	72360000	domain	520000
chr10	1810	72360000	1827	73080000	domain	720000
chr10	1828	73080000	1829	73160000	boundary	80000
chr10	1830	73160000	1842	73680000	domain	520000
chr10	1843	73680000	1843	73720000	gap	40000
chr10	1844	73720000	1856	74240000	domain	520000
chr10	1857	74240000	1878	75120000	domain	880000
chr10	1879	75120000	1881	75240000	domain	120000
chr10	1882	75240000	1885	75400000	boundary	160000
chr10	1886	75400000	1928	77120000	domain	1720000
chr10	1929	77120000	1943	77720000	domain	600000
chr10	1944	77720000	1951	78040000	domain	320000
chr10	1952	78040000	1988	79520000	domain	1480000
chr10	1989	79520000	1998	79920000	gap	400000
chr10	1999	79920000	2005	80200000	domain	280000
chr10	2006	80200000	2006	80240000	gap	40000
chr10	2007	80240000	2014	80560000	domain	320000
chr10	2015	80560000	2070	82800000	domain	2240000
chr10	2071	82800000	2097	83880000	domain	1080000
chr10	2098	83880000	2103	84120000	domain	240000
chr10	2104	84120000	2114	84560000	domain	440000
chr10	2115	84560000	2121	84840000	domain	280000
chr10	2122	84840000	2137	85480000	domain	640000
chr10	2138	85480000	2158	86320000	domain	840000
chr10	2159	86320000	2166	86640000	domain	320000
chr10	2167	86640000	2175	87000000	domain	360000
chr10	2176	87000000	2189	87560000	gap	560000
chr10	2190	87560000	2195	87800000	domain	240000
chr10	2196	87800000	2219	88760000	gap	960000
chr10	2220	88760000	2226	89040000	domain	280000
chr10	2227	89040000	2227	89080000	gap	40000
chr10	2228	89080000	2244	89760000	domain	680000
chr10	2245	89760000	2272	90880000	domain	1120000
chr10	2273	90880000	2285	91400000	domain	520000
chr10	2286	91400000	2288	91520000	gap	120000
chr10	2289	91520000	2295	91800000	domain	280000
chr10	2296	91800000	2297	91880000	gap	80000
chr10	2298	91880000	2315	92600000	domain	720000
chr10	2316	92600000	2322	92880000	domain	280000
chr10	2323	92880000	2334	93360000	domain	480000
chr10	2335	93360000	2338	93520000	domain	160000
chr10	2339	93520000	2347	93880000	domain	360000
chr10	2348	93880000	2358	94320000	domain	440000
chr10	2359	94320000	2364	94560000	domain	240000
chr10	2365	94560000	2379	95160000	domain	600000
chr10	2380	95160000	2384	95360000	domain	200000
chr10	2385	95360000	2391	95640000	domain	280000
chr10	2392	95640000	2398	95920000	domain	280000
chr10	2399	95920000	2409	96360000	domain	440000
chr10	2410	96360000	2426	97040000	domain	680000
chr10	2427	97040000	2435	97400000	domain	360000
chr10	2436	97400000	2444	97760000	domain	360000
chr10	2445	97760000	2454	98160000	domain	400000
chr10	2455	98160000	2461	98440000	domain	280000
chr10	2462	98440000	2483	99320000	domain	880000
chr10	2484	99320000	2493	99720000	domain	400000
chr10	2494	99720000	2507	100280000	domain	560000
chr10	2508	100280000	2513	100520000	domain	240000
chr10	2514	100520000	2526	101040000	domain	520000
chr10	2527	101040000	2529	101160000	boundary	120000
chr10	2530	101160000	2540	101600000	domain	440000
chr10	2541	101600000	2545	101800000	domain	200000
chr10	2546	101800000	2553	102120000	domain	320000
chr10	2554	102120000	2566	102640000	domain	520000
chr10	2567	102640000	2584	103360000	domain	720000
chr10	2585	103360000	2597	103880000	domain	520000
chr10	2598	103880000	2607	104280000	domain	400000
chr10	2608	104280000	2609	104360000	boundary	80000
chr10	2610	104360000	2616	104640000	domain	280000
chr10	2617	104640000	2626	105040000	domain	400000
chr10	2627	105040000	2652	106080000	domain	1040000
chr10	2653	106080000	2665	106600000	boundary	520000
chr10	2666	106600000	2677	107080000	domain	480000
chr10	2678	107080000	2682	107280000	domain	200000
chr10	2683	107280000	2684	107360000	boundary	80000
chr10	2685	107360000	2696	107840000	boundary	480000
chr10	2697	107840000	2705	108200000	domain	360000
chr10	2706	108200000	2714	108560000	domain	360000
chr10	2715	108560000	2725	109000000	domain	440000
chr10	2726	109000000	2735	109400000	domain	400000
chr10	2736	109400000	2747	109880000	domain	480000
chr10	2748	109880000	2757	110280000	domain	400000
chr10	2758	110280000	2765	110600000	domain	320000
chr10	2766	110600000	2776	111040000	domain	440000
chr10	2777	111040000	2793	111720000	domain	680000
chr10	2794	111720000	2804	112160000	domain	440000
chr10	2805	112160000	2812	112480000	domain	320000
chr10	2813	112480000	2829	113160000	domain	680000
chr10	2830	113160000	2842	113680000	domain	520000
chr10	2843	113680000	2854	114160000	domain	480000
chr10	2855	114160000	2856	114240000	boundary	80000
chr10	2857	114240000	2871	114840000	domain	600000
chr10	2872	114840000	2879	115160000	domain	320000
chr10	2880	115160000	2886	115440000	domain	280000
chr10	2887	115440000	2895	115800000	domain	360000
chr10	2896	115800000	2911	116440000	domain	640000
chr10	2912	116440000	2920	116800000	domain	360000
chr10	2921	116800000	2930	117200000	domain	400000
chr10	2931	117200000	2937	117480000	domain	280000
chr10	2938	117480000	2964	118560000	domain	1080000
chr10	2965	118560000	2976	119040000	domain	480000
chr10	2977	119040000	2990	119600000	domain	560000
chr10	2991	119600000	2998	119920000	domain	320000
chr10	2999	119920000	3023	120920000	domain	1000000
chr10	3024	120920000	3048	121920000	domain	1000000
chr10	3049	121920000	3053	122120000	domain	200000
chr10	3054	122120000	3065	122600000	domain	480000
chr10	3066	122600000	3075	123000000	domain	400000
chr10	3076	123000000	3089	123560000	domain	560000
chr10	3090	123560000	3099	123960000	domain	400000
chr10	3100	123960000	3110	124400000	domain	440000
chr10	3111	124400000	3123	124920000	domain	520000
chr10	3124	124920000	3129	125160000	domain	240000
chr10	3130	125160000	3146	125840000	domain	680000
chr10	3147	125840000	3163	126520000	domain	680000
chr10	3164	126520000	3172	126880000	domain	360000
chr10	3173	126880000	3187	127480000	domain	600000
chr10	3188	127480000	3197	127880000	domain	400000
chr10	3198	127880000	3205	128200000	domain	320000
chr10	3206	128200000	3214	128560000	domain	360000
chr10	3215	128560000	3226	129040000	domain	480000
chr10	3227	129040000	3254	130160000	domain	1120000
chr10	3255	130160000	3266	130640000	domain	480000
chr10	3267	130640000	3283	131320000	domain	680000
chr10	3284	131320000	3296	131840000	domain	520000
chr10	3297	131840000	3304	132160000	domain	320000
chr10	3305	132160000	3309	132360000	domain	200000
chr10	3310	132360000	3316	132640000	domain	280000
chr10	3317	132640000	3320	132800000	boundary	160000
chr10	3321	132800000	3332	133280000	domain	480000
chr10	3333	133280000	3340	133600000	domain	320000
chr10	3341	133600000	3345	133797422	gap	197422
