chr	from.id	from.coord	to.id	to.coord	tag	size
chr2	1	0	7	280000	domain	280000
chr2	8	280000	17	680000	domain	400000
chr2	18	680000	24	960000	domain	280000
chr2	25	960000	38	1520000	domain	560000
chr2	39	1520000	46	1840000	domain	320000
chr2	47	1840000	83	3320000	domain	1480000
chr2	84	3320000	92	3680000	domain	360000
chr2	93	3680000	120	4800000	domain	1120000
chr2	121	4800000	134	5360000	domain	560000
chr2	135	5360000	147	5880000	domain	520000
chr2	148	5880000	171	6840000	domain	960000
chr2	172	6840000	177	7080000	domain	240000
chr2	178	7080000	218	8720000	domain	1640000
chr2	219	8720000	229	9160000	domain	440000
chr2	230	9160000	236	9440000	domain	280000
chr2	237	9440000	244	9760000	domain	320000
chr2	245	9760000	252	10080000	domain	320000
chr2	253	10080000	261	10440000	domain	360000
chr2	262	10440000	268	10720000	domain	280000
chr2	269	10720000	278	11120000	domain	400000
chr2	279	11120000	287	11480000	domain	360000
chr2	288	11480000	292	11680000	domain	200000
chr2	293	11680000	295	11800000	boundary	120000
chr2	296	11800000	318	12720000	domain	920000
chr2	319	12720000	326	13040000	domain	320000
chr2	327	13040000	345	13800000	domain	760000
chr2	346	13800000	371	14840000	domain	1040000
chr2	372	14840000	390	15600000	domain	760000
chr2	391	15600000	413	16520000	domain	920000
chr2	414	16520000	419	16760000	domain	240000
chr2	420	16760000	443	17720000	domain	960000
chr2	444	17720000	460	18400000	domain	680000
chr2	461	18400000	484	19360000	domain	960000
chr2	485	19360000	497	19880000	domain	520000
chr2	498	19880000	509	20360000	domain	480000
chr2	510	20360000	516	20640000	domain	280000
chr2	517	20640000	525	21000000	domain	360000
chr2	526	21000000	558	22320000	domain	1320000
chr2	559	22320000	584	23360000	domain	1040000
chr2	585	23360000	594	23760000	domain	400000
chr2	595	23760000	610	24400000	domain	640000
chr2	611	24400000	621	24840000	domain	440000
chr2	622	24840000	623	24920000	boundary	80000
chr2	624	24920000	630	25200000	domain	280000
chr2	631	25200000	642	25680000	domain	480000
chr2	643	25680000	646	25840000	domain	160000
chr2	647	25840000	665	26600000	domain	760000
chr2	666	26600000	669	26760000	domain	160000
chr2	670	26760000	684	27360000	domain	600000
chr2	685	27360000	693	27720000	domain	360000
chr2	694	27720000	713	28520000	domain	800000
chr2	714	28520000	722	28880000	domain	360000
chr2	723	28880000	731	29240000	domain	360000
chr2	732	29240000	753	30120000	domain	880000
chr2	754	30120000	768	30720000	domain	600000
chr2	769	30720000	784	31360000	domain	640000
chr2	785	31360000	796	31840000	domain	480000
chr2	797	31840000	804	32160000	domain	320000
chr2	805	32160000	814	32560000	domain	400000
chr2	815	32560000	840	33600000	domain	1040000
chr2	841	33600000	852	34080000	domain	480000
chr2	853	34080000	886	35440000	domain	1360000
chr2	887	35440000	908	36320000	domain	880000
chr2	909	36320000	919	36760000	domain	440000
chr2	920	36760000	927	37080000	boundary	320000
chr2	928	37080000	929	37160000	boundary	80000
chr2	930	37160000	933	37320000	domain	160000
chr2	934	37320000	948	37920000	domain	600000
chr2	949	37920000	958	38320000	domain	400000
chr2	959	38320000	971	38840000	domain	520000
chr2	972	38840000	983	39320000	domain	480000
chr2	984	39320000	995	39800000	domain	480000
chr2	996	39800000	1045	41800000	domain	2000000
chr2	1046	41800000	1052	42080000	domain	280000
chr2	1053	42080000	1059	42360000	domain	280000
chr2	1060	42360000	1070	42800000	domain	440000
chr2	1071	42800000	1081	43240000	domain	440000
chr2	1082	43240000	1090	43600000	domain	360000
chr2	1091	43600000	1100	44000000	domain	400000
chr2	1101	44000000	1110	44400000	domain	400000
chr2	1111	44400000	1124	44960000	domain	560000
chr2	1125	44960000	1140	45600000	domain	640000
chr2	1141	45600000	1149	45960000	domain	360000
chr2	1150	45960000	1162	46480000	domain	520000
chr2	1163	46480000	1173	46920000	domain	440000
chr2	1174	46920000	1185	47400000	domain	480000
chr2	1186	47400000	1195	47800000	domain	400000
chr2	1196	47800000	1215	48600000	domain	800000
chr2	1216	48600000	1222	48880000	domain	280000
chr2	1223	48880000	1240	49600000	domain	720000
chr2	1241	49600000	1254	50160000	domain	560000
chr2	1255	50160000	1263	50520000	domain	360000
chr2	1264	50520000	1313	52520000	domain	2000000
chr2	1314	52520000	1314	52560000	gap	40000
chr2	1315	52560000	1322	52880000	domain	320000
chr2	1323	52880000	1335	53400000	domain	520000
chr2	1336	53400000	1344	53760000	domain	360000
chr2	1345	53760000	1353	54120000	domain	360000
chr2	1354	54120000	1368	54720000	domain	600000
chr2	1369	54720000	1372	54880000	domain	160000
chr2	1373	54880000	1381	55240000	domain	360000
chr2	1382	55240000	1391	55640000	domain	400000
chr2	1392	55640000	1403	56120000	domain	480000
chr2	1404	56120000	1418	56720000	domain	600000
chr2	1419	56720000	1441	57640000	domain	920000
chr2	1442	57640000	1458	58320000	domain	680000
chr2	1459	58320000	1463	58520000	domain	200000
chr2	1464	58520000	1485	59400000	domain	880000
chr2	1486	59400000	1504	60160000	domain	760000
chr2	1505	60160000	1516	60640000	domain	480000
chr2	1517	60640000	1526	61040000	domain	400000
chr2	1527	61040000	1547	61880000	domain	840000
chr2	1548	61880000	1561	62440000	domain	560000
chr2	1562	62440000	1570	62800000	domain	360000
chr2	1571	62800000	1590	63600000	domain	800000
chr2	1591	63600000	1600	64000000	domain	400000
chr2	1601	64000000	1608	64320000	domain	320000
chr2	1609	64320000	1613	64520000	domain	200000
chr2	1614	64520000	1622	64880000	domain	360000
chr2	1623	64880000	1626	65040000	domain	160000
chr2	1627	65040000	1630	65200000	domain	160000
chr2	1631	65200000	1640	65600000	domain	400000
chr2	1641	65600000	1660	66400000	domain	800000
chr2	1661	66400000	1701	68040000	domain	1640000
chr2	1702	68040000	1711	68440000	domain	400000
chr2	1712	68440000	1725	69000000	domain	560000
chr2	1726	69000000	1733	69320000	domain	320000
chr2	1734	69320000	1746	69840000	domain	520000
chr2	1747	69840000	1758	70320000	domain	480000
chr2	1759	70320000	1775	71000000	domain	680000
chr2	1776	71000000	1788	71520000	domain	520000
chr2	1789	71520000	1804	72160000	domain	640000
chr2	1805	72160000	1819	72760000	domain	600000
chr2	1820	72760000	1822	72880000	boundary	120000
chr2	1823	72880000	1831	73240000	domain	360000
chr2	1832	73240000	1844	73760000	domain	520000
chr2	1845	73760000	1845	73800000	gap	40000
chr2	1846	73800000	1862	74480000	domain	680000
chr2	1863	74480000	1865	74600000	boundary	120000
chr2	1866	74600000	1874	74960000	domain	360000
chr2	1875	74960000	1893	75720000	domain	760000
chr2	1894	75720000	1904	76160000	domain	440000
chr2	1905	76160000	1915	76600000	domain	440000
chr2	1916	76600000	1923	76920000	domain	320000
chr2	1924	76920000	1941	77640000	domain	720000
chr2	1942	77640000	1942	77680000	gap	40000
chr2	1943	77680000	1958	78320000	domain	640000
chr2	1959	78320000	1976	79040000	domain	720000
chr2	1977	79040000	1981	79240000	domain	200000
chr2	1982	79240000	1998	79920000	domain	680000
chr2	1999	79920000	2023	80920000	domain	1000000
chr2	2024	80920000	2047	81880000	domain	960000
chr2	2048	81880000	2083	83320000	domain	1440000
chr2	2084	83320000	2096	83840000	domain	520000
chr2	2097	83840000	2109	84360000	domain	520000
chr2	2110	84360000	2123	84920000	domain	560000
chr2	2124	84920000	2134	85360000	domain	440000
chr2	2135	85360000	2140	85600000	domain	240000
chr2	2141	85600000	2155	86200000	domain	600000
chr2	2156	86200000	2160	86400000	domain	200000
chr2	2161	86400000	2168	86720000	domain	320000
chr2	2169	86720000	2200	88000000	gap	1280000
chr2	2201	88000000	2219	88760000	domain	760000
chr2	2220	88760000	2220	88800000	gap	40000
chr2	2221	88800000	2224	88960000	domain	160000
chr2	2225	88960000	2372	94880000	gap	5920000
chr2	2373	94880000	2385	95400000	domain	520000
chr2	2386	95400000	2402	96080000	gap	680000
chr2	2403	96080000	2414	96560000	domain	480000
chr2	2415	96560000	2425	97000000	domain	440000
chr2	2426	97000000	2441	97640000	gap	640000
chr2	2442	97640000	2460	98400000	domain	760000
chr2	2461	98400000	2465	98600000	domain	200000
chr2	2466	98600000	2474	98960000	domain	360000
chr2	2475	98960000	2477	99080000	domain	120000
chr2	2478	99080000	2488	99520000	domain	440000
chr2	2489	99520000	2502	100080000	domain	560000
chr2	2503	100080000	2503	100120000	gap	40000
chr2	2504	100120000	2511	100440000	domain	320000
chr2	2512	100440000	2525	101000000	domain	560000
chr2	2526	101000000	2531	101240000	domain	240000
chr2	2532	101240000	2547	101880000	domain	640000
chr2	2548	101880000	2561	102440000	domain	560000
chr2	2562	102440000	2571	102840000	domain	400000
chr2	2572	102840000	2579	103160000	domain	320000
chr2	2580	103160000	2600	104000000	domain	840000
chr2	2601	104000000	2610	104400000	domain	400000
chr2	2611	104400000	2623	104920000	domain	520000
chr2	2624	104920000	2633	105320000	domain	400000
chr2	2634	105320000	2639	105560000	domain	240000
chr2	2640	105560000	2659	106360000	domain	800000
chr2	2660	106360000	2663	106520000	gap	160000
chr2	2664	106520000	2696	107840000	domain	1320000
chr2	2697	107840000	2698	107920000	gap	80000
chr2	2699	107920000	2712	108480000	domain	560000
chr2	2713	108480000	2719	108760000	gap	280000
chr2	2720	108760000	2743	109720000	domain	960000
chr2	2744	109720000	2766	110640000	gap	920000
chr2	2767	110640000	2781	111240000	domain	600000
chr2	2782	111240000	2797	111880000	gap	640000
chr2	2798	111880000	2809	112360000	domain	480000
chr2	2810	112360000	2811	112440000	gap	80000
chr2	2812	112440000	2832	113280000	domain	840000
chr2	2833	113280000	2844	113760000	gap	480000
chr2	2845	113760000	2848	113920000	domain	160000
chr2	2849	113920000	2849	113960000	gap	40000
chr2	2850	113960000	2865	114600000	domain	640000
chr2	2866	114600000	2879	115160000	domain	560000
chr2	2880	115160000	2885	115400000	domain	240000
chr2	2886	115400000	2901	116040000	domain	640000
chr2	2902	116040000	2902	116080000	gap	40000
chr2	2903	116080000	2906	116240000	domain	160000
chr2	2907	116240000	2909	116360000	gap	120000
chr2	2910	116360000	2922	116880000	domain	520000
chr2	2923	116880000	2936	117440000	domain	560000
chr2	2937	117440000	2945	117800000	gap	360000
chr2	2946	117800000	2952	118080000	domain	280000
chr2	2953	118080000	2953	118120000	gap	40000
chr2	2954	118120000	2972	118880000	domain	760000
chr2	2973	118880000	2984	119360000	domain	480000
chr2	2985	119360000	2995	119800000	domain	440000
chr2	2996	119800000	2996	119840000	gap	40000
chr2	2997	119840000	3000	120000000	domain	160000
chr2	3001	120000000	3002	120080000	gap	80000
chr2	3003	120080000	3017	120680000	domain	600000
chr2	3018	120680000	3027	121080000	domain	400000
chr2	3028	121080000	3035	121400000	domain	320000
chr2	3036	121400000	3044	121760000	domain	360000
chr2	3045	121760000	3058	122320000	domain	560000
chr2	3059	122320000	3059	122360000	gap	40000
chr2	3060	122360000	3073	122920000	domain	560000
chr2	3074	122920000	3081	123240000	domain	320000
chr2	3082	123240000	3093	123720000	gap	480000
chr2	3094	123720000	3103	124120000	domain	400000
chr2	3104	124120000	3104	124160000	gap	40000
chr2	3105	124160000	3108	124320000	domain	160000
chr2	3109	124320000	3111	124440000	gap	120000
chr2	3112	124440000	3128	125120000	domain	680000
chr2	3129	125120000	3129	125160000	gap	40000
chr2	3130	125160000	3133	125320000	domain	160000
chr2	3134	125320000	3137	125480000	gap	160000
chr2	3138	125480000	3151	126040000	domain	560000
chr2	3152	126040000	3155	126200000	gap	160000
chr2	3156	126200000	3176	127040000	domain	840000
chr2	3177	127040000	3192	127680000	domain	640000
chr2	3193	127680000	3207	128280000	domain	600000
chr2	3208	128280000	3218	128720000	domain	440000
chr2	3219	128720000	3232	129280000	domain	560000
chr2	3233	129280000	3249	129960000	domain	680000
chr2	3250	129960000	3256	130240000	gap	280000
chr2	3257	130240000	3260	130400000	domain	160000
chr2	3261	130400000	3268	130720000	gap	320000
chr2	3269	130720000	3279	131160000	domain	440000
chr2	3280	131160000	3309	132360000	gap	1200000
chr2	3310	132360000	3338	133520000	domain	1160000
chr2	3339	133520000	3339	133560000	gap	40000
chr2	3340	133560000	3347	133880000	domain	320000
chr2	3348	133880000	3348	133920000	gap	40000
chr2	3349	133920000	3361	134440000	domain	520000
chr2	3362	134440000	3373	134920000	domain	480000
chr2	3374	134920000	3396	135840000	domain	920000
chr2	3397	135840000	3410	136400000	domain	560000
chr2	3411	136400000	3435	137400000	domain	1000000
chr2	3436	137400000	3446	137840000	domain	440000
chr2	3447	137840000	3471	138840000	domain	1000000
chr2	3472	138840000	3496	139840000	domain	1000000
chr2	3497	139840000	3505	140200000	domain	360000
chr2	3506	140200000	3520	140800000	domain	600000
chr2	3521	140800000	3552	142080000	domain	1280000
chr2	3553	142080000	3564	142560000	domain	480000
chr2	3565	142560000	3576	143040000	domain	480000
chr2	3577	143040000	3591	143640000	domain	600000
chr2	3592	143640000	3667	146680000	domain	3040000
chr2	3668	146680000	3698	147920000	domain	1240000
chr2	3699	147920000	3725	149000000	domain	1080000
chr2	3726	149000000	3740	149600000	domain	600000
chr2	3741	149600000	3763	150520000	domain	920000
chr2	3764	150520000	3781	151240000	domain	720000
chr2	3782	151240000	3789	151560000	domain	320000
chr2	3790	151560000	3790	151600000	gap	40000
chr2	3791	151600000	3804	152160000	domain	560000
chr2	3805	152160000	3825	153000000	domain	840000
chr2	3826	153000000	3826	153040000	gap	40000
chr2	3827	153040000	3839	153560000	domain	520000
chr2	3840	153560000	3860	154400000	domain	840000
chr2	3861	154400000	3886	155440000	domain	1040000
chr2	3887	155440000	3892	155680000	gap	240000
chr2	3893	155680000	3899	155960000	domain	280000
chr2	3900	155960000	3910	156400000	gap	440000
chr2	3911	156400000	3923	156920000	domain	520000
chr2	3924	156920000	3932	157280000	domain	360000
chr2	3933	157280000	3951	158040000	domain	760000
chr2	3952	158040000	3970	158800000	domain	760000
chr2	3971	158800000	3982	159280000	domain	480000
chr2	3983	159280000	4001	160040000	domain	760000
chr2	4002	160040000	4006	160240000	domain	200000
chr2	4007	160240000	4027	161080000	domain	840000
chr2	4028	161080000	4039	161560000	domain	480000
chr2	4040	161560000	4049	161960000	domain	400000
chr2	4050	161960000	4054	162160000	domain	200000
chr2	4055	162160000	4058	162320000	domain	160000
chr2	4059	162320000	4078	163120000	domain	800000
chr2	4079	163120000	4102	164080000	domain	960000
chr2	4103	164080000	4114	164560000	domain	480000
chr2	4115	164560000	4125	165000000	domain	440000
chr2	4126	165000000	4134	165360000	domain	360000
chr2	4135	165360000	4149	165960000	domain	600000
chr2	4150	165960000	4163	166520000	domain	560000
chr2	4164	166520000	4181	167240000	domain	720000
chr2	4182	167240000	4203	168120000	domain	880000
chr2	4204	168120000	4208	168320000	domain	200000
chr2	4209	168320000	4219	168760000	domain	440000
chr2	4220	168760000	4223	168920000	boundary	160000
chr2	4224	168920000	4236	169440000	domain	520000
chr2	4237	169440000	4245	169800000	domain	360000
chr2	4246	169800000	4256	170240000	domain	440000
chr2	4257	170240000	4273	170920000	domain	680000
chr2	4274	170920000	4289	171560000	domain	640000
chr2	4290	171560000	4303	172120000	domain	560000
chr2	4304	172120000	4320	172800000	domain	680000
chr2	4321	172800000	4335	173400000	domain	600000
chr2	4336	173400000	4360	174400000	domain	1000000
chr2	4361	174400000	4368	174720000	domain	320000
chr2	4369	174720000	4376	175040000	domain	320000
chr2	4377	175040000	4383	175320000	domain	280000
chr2	4384	175320000	4403	176120000	domain	800000
chr2	4404	176120000	4421	176840000	domain	720000
chr2	4422	176840000	4429	177160000	domain	320000
chr2	4430	177160000	4444	177760000	domain	600000
chr2	4445	177760000	4466	178640000	domain	880000
chr2	4467	178640000	4467	178680000	gap	40000
chr2	4468	178680000	4479	179160000	domain	480000
chr2	4480	179160000	4495	179800000	domain	640000
chr2	4496	179800000	4503	180120000	domain	320000
chr2	4504	180120000	4527	181080000	domain	960000
chr2	4528	181080000	4543	181720000	domain	640000
chr2	4544	181720000	4553	182120000	domain	400000
chr2	4554	182120000	4567	182680000	domain	560000
chr2	4568	182680000	4579	183160000	domain	480000
chr2	4580	183160000	4632	185280000	domain	2120000
chr2	4633	185280000	4662	186480000	domain	1200000
chr2	4663	186480000	4669	186760000	domain	280000
chr2	4670	186760000	4687	187480000	domain	720000
chr2	4688	187480000	4713	188520000	domain	1040000
chr2	4714	188520000	4726	189040000	domain	520000
chr2	4727	189040000	4736	189440000	domain	400000
chr2	4737	189440000	4741	189640000	domain	200000
chr2	4742	189640000	4758	190320000	domain	680000
chr2	4759	190320000	4769	190760000	domain	440000
chr2	4770	190760000	4776	191040000	domain	280000
chr2	4777	191040000	4788	191520000	domain	480000
chr2	4789	191520000	4794	191760000	domain	240000
chr2	4795	191760000	4805	192200000	domain	440000
chr2	4806	192200000	4845	193800000	domain	1600000
chr2	4846	193800000	4846	193840000	gap	40000
chr2	4847	193840000	4883	195320000	domain	1480000
chr2	4884	195320000	4892	195680000	domain	360000
chr2	4893	195680000	4901	196040000	domain	360000
chr2	4902	196040000	4909	196360000	domain	320000
chr2	4910	196360000	4919	196760000	domain	400000
chr2	4920	196760000	4935	197400000	domain	640000
chr2	4936	197400000	4945	197800000	domain	400000
chr2	4946	197800000	4958	198320000	domain	520000
chr2	4959	198320000	4988	199520000	domain	1200000
chr2	4989	199520000	4999	199960000	domain	440000
chr2	5000	199960000	5013	200520000	domain	560000
chr2	5014	200520000	5022	200880000	domain	360000
chr2	5023	200880000	5031	201240000	domain	360000
chr2	5032	201240000	5044	201760000	domain	520000
chr2	5045	201760000	5056	202240000	domain	480000
chr2	5057	202240000	5064	202560000	domain	320000
chr2	5065	202560000	5087	203480000	domain	920000
chr2	5088	203480000	5098	203920000	domain	440000
chr2	5099	203920000	5108	204320000	domain	400000
chr2	5109	204320000	5118	204720000	domain	400000
chr2	5119	204720000	5142	205680000	domain	960000
chr2	5143	205680000	5149	205960000	domain	280000
chr2	5150	205960000	5154	206160000	boundary	200000
chr2	5155	206160000	5167	206680000	domain	520000
chr2	5168	206680000	5187	207480000	domain	800000
chr2	5188	207480000	5203	208120000	domain	640000
chr2	5204	208120000	5210	208400000	domain	280000
chr2	5211	208400000	5220	208800000	domain	400000
chr2	5221	208800000	5221	208840000	gap	40000
chr2	5222	208840000	5233	209320000	domain	480000
chr2	5234	209320000	5249	209960000	domain	640000
chr2	5250	209960000	5256	210240000	domain	280000
chr2	5257	210240000	5276	211040000	domain	800000
chr2	5277	211040000	5293	211720000	domain	680000
chr2	5294	211720000	5316	212640000	domain	920000
chr2	5317	212640000	5331	213240000	domain	600000
chr2	5332	213240000	5374	214960000	domain	1720000
chr2	5375	214960000	5383	215320000	domain	360000
chr2	5384	215320000	5401	216040000	domain	720000
chr2	5402	216040000	5412	216480000	domain	440000
chr2	5413	216480000	5417	216680000	domain	200000
chr2	5418	216680000	5444	217760000	domain	1080000
chr2	5445	217760000	5454	218160000	domain	400000
chr2	5455	218160000	5466	218640000	domain	480000
chr2	5467	218640000	5468	218720000	boundary	80000
chr2	5469	218720000	5475	219000000	domain	280000
chr2	5476	219000000	5485	219400000	domain	400000
chr2	5486	219400000	5493	219720000	domain	320000
chr2	5494	219720000	5517	220680000	domain	960000
chr2	5518	220680000	5540	221600000	domain	920000
chr2	5541	221600000	5550	222000000	domain	400000
chr2	5551	222000000	5566	222640000	domain	640000
chr2	5567	222640000	5574	222960000	domain	320000
chr2	5575	222960000	5592	223680000	domain	720000
chr2	5593	223680000	5599	223960000	domain	280000
chr2	5600	223960000	5609	224360000	domain	400000
chr2	5610	224360000	5618	224720000	domain	360000
chr2	5619	224720000	5627	225080000	domain	360000
chr2	5628	225080000	5641	225640000	domain	560000
chr2	5642	225640000	5670	226800000	domain	1160000
chr2	5671	226800000	5678	227120000	domain	320000
chr2	5679	227120000	5684	227360000	domain	240000
chr2	5685	227360000	5698	227920000	domain	560000
chr2	5699	227920000	5717	228680000	domain	760000
chr2	5718	228680000	5743	229720000	domain	1040000
chr2	5744	229720000	5767	230680000	domain	960000
chr2	5768	230680000	5770	230800000	boundary	120000
chr2	5771	230800000	5776	231040000	domain	240000
chr2	5777	231040000	5787	231480000	domain	440000
chr2	5788	231480000	5790	231600000	boundary	120000
chr2	5791	231600000	5795	231800000	boundary	200000
chr2	5796	231800000	5814	232560000	domain	760000
chr2	5815	232560000	5821	232840000	domain	280000
chr2	5822	232840000	5832	233280000	domain	440000
chr2	5833	233280000	5836	233440000	domain	160000
chr2	5837	233440000	5848	233920000	domain	480000
chr2	5849	233920000	5853	234120000	boundary	200000
chr2	5854	234120000	5864	234560000	domain	440000
chr2	5865	234560000	5878	235120000	domain	560000
chr2	5879	235120000	5894	235760000	domain	640000
chr2	5895	235760000	5908	236320000	domain	560000
chr2	5909	236320000	5927	237080000	domain	760000
chr2	5928	237080000	5937	237480000	domain	400000
chr2	5938	237480000	5944	237760000	domain	280000
chr2	5945	237760000	5957	238280000	domain	520000
chr2	5958	238280000	5975	239000000	domain	720000
chr2	5976	239000000	5985	239400000	domain	400000
chr2	5986	239400000	6001	240040000	domain	640000
chr2	6002	240040000	6004	240160000	boundary	120000
chr2	6005	240160000	6012	240480000	domain	320000
chr2	6013	240480000	6020	240800000	domain	320000
chr2	6021	240800000	6032	241280000	domain	480000
chr2	6033	241280000	6043	241720000	domain	440000
chr2	6044	241720000	6052	242080000	domain	360000
chr2	6053	242080000	6055	242193529	gap	113529
