chr	from.id	from.coord	to.id	to.coord	tag	size
chr3	1	0	1	40000	gap	40000
chr3	2	40000	14	560000	domain	520000
chr3	15	560000	15	600000	gap	40000
chr3	16	600000	24	960000	domain	360000
chr3	25	960000	26	1040000	boundary	80000
chr3	27	1040000	51	2040000	domain	1000000
chr3	52	2040000	80	3200000	domain	1160000
chr3	81	3200000	107	4280000	domain	1080000
chr3	108	4280000	117	4680000	domain	400000
chr3	118	4680000	128	5120000	domain	440000
chr3	129	5120000	170	6800000	domain	1680000
chr3	171	6800000	210	8400000	domain	1600000
chr3	211	8400000	216	8640000	domain	240000
chr3	217	8640000	224	8960000	domain	320000
chr3	225	8960000	233	9320000	domain	360000
chr3	234	9320000	237	9480000	boundary	160000
chr3	238	9480000	243	9720000	domain	240000
chr3	244	9720000	258	10320000	domain	600000
chr3	259	10320000	269	10760000	domain	440000
chr3	270	10760000	284	11360000	domain	600000
chr3	285	11360000	297	11880000	domain	520000
chr3	298	11880000	312	12480000	domain	600000
chr3	313	12480000	321	12840000	domain	360000
chr3	322	12840000	325	13000000	boundary	160000
chr3	326	13000000	337	13480000	domain	480000
chr3	338	13480000	342	13680000	domain	200000
chr3	343	13680000	355	14200000	domain	520000
chr3	356	14200000	363	14520000	domain	320000
chr3	364	14520000	374	14960000	domain	440000
chr3	375	14960000	377	15080000	boundary	120000
chr3	378	15080000	390	15600000	domain	520000
chr3	391	15600000	406	16240000	domain	640000
chr3	407	16240000	415	16600000	domain	360000
chr3	416	16600000	431	17240000	domain	640000
chr3	432	17240000	436	17440000	domain	200000
chr3	437	17440000	447	17880000	domain	440000
chr3	448	17880000	461	18440000	domain	560000
chr3	462	18440000	476	19040000	domain	600000
chr3	477	19040000	489	19560000	domain	520000
chr3	490	19560000	497	19880000	domain	320000
chr3	498	19880000	508	20320000	domain	440000
chr3	509	20320000	524	20960000	domain	640000
chr3	525	20960000	536	21440000	domain	480000
chr3	537	21440000	553	22120000	domain	680000
chr3	554	22120000	563	22520000	domain	400000
chr3	564	22520000	575	23000000	domain	480000
chr3	576	23000000	599	23960000	domain	960000
chr3	600	23960000	618	24720000	domain	760000
chr3	619	24720000	640	25600000	domain	880000
chr3	641	25600000	649	25960000	domain	360000
chr3	650	25960000	668	26720000	domain	760000
chr3	669	26720000	678	27120000	domain	400000
chr3	679	27120000	682	27280000	boundary	160000
chr3	683	27280000	693	27720000	domain	440000
chr3	694	27720000	709	28360000	domain	640000
chr3	710	28360000	750	30000000	domain	1640000
chr3	751	30000000	769	30760000	domain	760000
chr3	770	30760000	788	31520000	domain	760000
chr3	789	31520000	804	32160000	domain	640000
chr3	805	32160000	812	32480000	domain	320000
chr3	813	32480000	817	32680000	domain	200000
chr3	818	32680000	827	33080000	domain	400000
chr3	828	33080000	836	33440000	domain	360000
chr3	837	33440000	847	33880000	domain	440000
chr3	848	33880000	868	34720000	domain	840000
chr3	869	34720000	898	35920000	domain	1200000
chr3	899	35920000	917	36680000	domain	760000
chr3	918	36680000	922	36880000	domain	200000
chr3	923	36880000	925	37000000	boundary	120000
chr3	926	37000000	933	37320000	domain	320000
chr3	934	37320000	946	37840000	domain	520000
chr3	947	37840000	950	38000000	boundary	160000
chr3	951	38000000	963	38520000	domain	520000
chr3	964	38520000	976	39040000	domain	520000
chr3	977	39040000	985	39400000	domain	360000
chr3	986	39400000	1005	40200000	domain	800000
chr3	1006	40200000	1008	40320000	boundary	120000
chr3	1009	40320000	1014	40560000	domain	240000
chr3	1015	40560000	1030	41200000	domain	640000
chr3	1031	41200000	1047	41880000	domain	680000
chr3	1048	41880000	1056	42240000	domain	360000
chr3	1057	42240000	1064	42560000	domain	320000
chr3	1065	42560000	1073	42920000	domain	360000
chr3	1074	42920000	1088	43520000	domain	600000
chr3	1089	43520000	1094	43760000	domain	240000
chr3	1095	43760000	1107	44280000	domain	520000
chr3	1108	44280000	1125	45000000	domain	720000
chr3	1126	45000000	1138	45520000	domain	520000
chr3	1139	45520000	1142	45680000	domain	160000
chr3	1143	45680000	1162	46480000	domain	800000
chr3	1163	46480000	1167	46680000	domain	200000
chr3	1168	46680000	1173	46920000	domain	240000
chr3	1174	46920000	1185	47400000	domain	480000
chr3	1186	47400000	1195	47800000	domain	400000
chr3	1196	47800000	1205	48200000	domain	400000
chr3	1206	48200000	1217	48680000	domain	480000
chr3	1218	48680000	1225	49000000	domain	320000
chr3	1226	49000000	1237	49480000	domain	480000
chr3	1238	49480000	1248	49920000	domain	440000
chr3	1249	49920000	1258	50320000	boundary	400000
chr3	1259	50320000	1266	50640000	domain	320000
chr3	1267	50640000	1285	51400000	domain	760000
chr3	1286	51400000	1293	51720000	domain	320000
chr3	1294	51720000	1298	51920000	domain	200000
chr3	1299	51920000	1310	52400000	domain	480000
chr3	1311	52400000	1318	52720000	domain	320000
chr3	1319	52720000	1327	53080000	domain	360000
chr3	1328	53080000	1332	53280000	boundary	200000
chr3	1333	53280000	1348	53920000	domain	640000
chr3	1349	53920000	1361	54440000	domain	520000
chr3	1362	54440000	1371	54840000	domain	400000
chr3	1372	54840000	1387	55480000	domain	640000
chr3	1388	55480000	1408	56320000	domain	840000
chr3	1409	56320000	1414	56560000	domain	240000
chr3	1415	56560000	1427	57080000	domain	520000
chr3	1428	57080000	1446	57840000	domain	760000
chr3	1447	57840000	1455	58200000	domain	360000
chr3	1456	58200000	1458	58320000	boundary	120000
chr3	1459	58320000	1466	58640000	domain	320000
chr3	1467	58640000	1480	59200000	domain	560000
chr3	1481	59200000	1497	59880000	domain	680000
chr3	1498	59880000	1535	61400000	domain	1520000
chr3	1536	61400000	1537	61480000	boundary	80000
chr3	1538	61480000	1555	62200000	domain	720000
chr3	1556	62200000	1565	62600000	domain	400000
chr3	1566	62600000	1583	63320000	domain	720000
chr3	1584	63320000	1596	63840000	domain	520000
chr3	1597	63840000	1600	64000000	boundary	160000
chr3	1601	64000000	1613	64520000	domain	520000
chr3	1614	64520000	1632	65280000	domain	760000
chr3	1633	65280000	1644	65760000	domain	480000
chr3	1645	65760000	1656	66240000	domain	480000
chr3	1657	66240000	1672	66880000	domain	640000
chr3	1673	66880000	1684	67360000	domain	480000
chr3	1685	67360000	1698	67920000	domain	560000
chr3	1699	67920000	1699	67960000	gap	40000
chr3	1700	67960000	1717	68680000	domain	720000
chr3	1718	68680000	1718	68720000	gap	40000
chr3	1719	68720000	1736	69440000	domain	720000
chr3	1737	69440000	1742	69680000	domain	240000
chr3	1743	69680000	1750	70000000	domain	320000
chr3	1751	70000000	1759	70360000	domain	360000
chr3	1760	70360000	1760	70400000	gap	40000
chr3	1761	70400000	1775	71000000	domain	600000
chr3	1776	71000000	1792	71680000	domain	680000
chr3	1793	71680000	1821	72840000	domain	1160000
chr3	1822	72840000	1827	73080000	domain	240000
chr3	1828	73080000	1836	73440000	domain	360000
chr3	1837	73440000	1845	73800000	domain	360000
chr3	1846	73800000	1846	73840000	gap	40000
chr3	1847	73840000	1856	74240000	domain	400000
chr3	1857	74240000	1880	75200000	domain	960000
chr3	1881	75200000	1888	75520000	domain	320000
chr3	1889	75520000	1899	75960000	gap	440000
chr3	1900	75960000	1917	76680000	domain	720000
chr3	1918	76680000	1919	76760000	boundary	80000
chr3	1920	76760000	1933	77320000	domain	560000
chr3	1934	77320000	1966	78640000	domain	1320000
chr3	1967	78640000	1976	79040000	domain	400000
chr3	1977	79040000	1988	79520000	domain	480000
chr3	1989	79520000	2001	80040000	domain	520000
chr3	2002	80040000	2015	80600000	domain	560000
chr3	2016	80600000	2026	81040000	domain	440000
chr3	2027	81040000	2027	81080000	gap	40000
chr3	2028	81080000	2057	82280000	domain	1200000
chr3	2058	82280000	2061	82440000	domain	160000
chr3	2062	82440000	2068	82720000	domain	280000
chr3	2069	82720000	2075	83000000	boundary	280000
chr3	2076	83000000	2079	83160000	boundary	160000
chr3	2080	83160000	2089	83560000	boundary	400000
chr3	2090	83560000	2098	83920000	boundary	360000
chr3	2099	83920000	2111	84440000	domain	520000
chr3	2112	84440000	2142	85680000	domain	1240000
chr3	2143	85680000	2157	86280000	boundary	600000
chr3	2158	86280000	2165	86600000	boundary	320000
chr3	2166	86600000	2168	86720000	boundary	120000
chr3	2169	86720000	2181	87240000	domain	520000
chr3	2182	87240000	2200	88000000	domain	760000
chr3	2201	88000000	2205	88200000	domain	200000
chr3	2206	88200000	2228	89120000	domain	920000
chr3	2229	89120000	2257	90280000	domain	1160000
chr3	2258	90280000	2345	93800000	gap	3520000
chr3	2346	93800000	2355	94200000	domain	400000
chr3	2356	94200000	2371	94840000	domain	640000
chr3	2372	94840000	2388	95520000	domain	680000
chr3	2389	95520000	2407	96280000	domain	760000
chr3	2408	96280000	2421	96840000	domain	560000
chr3	2422	96840000	2444	97760000	domain	920000
chr3	2445	97760000	2451	98040000	domain	280000
chr3	2452	98040000	2463	98520000	domain	480000
chr3	2464	98520000	2475	99000000	domain	480000
chr3	2476	99000000	2495	99800000	domain	800000
chr3	2496	99800000	2507	100280000	domain	480000
chr3	2508	100280000	2520	100800000	domain	520000
chr3	2521	100800000	2531	101240000	domain	440000
chr3	2532	101240000	2542	101680000	domain	440000
chr3	2543	101680000	2556	102240000	domain	560000
chr3	2557	102240000	2565	102600000	domain	360000
chr3	2566	102600000	2582	103280000	domain	680000
chr3	2583	103280000	2602	104080000	domain	800000
chr3	2603	104080000	2614	104560000	domain	480000
chr3	2615	104560000	2634	105360000	domain	800000
chr3	2635	105360000	2640	105600000	domain	240000
chr3	2641	105600000	2665	106600000	domain	1000000
chr3	2666	106600000	2680	107200000	domain	600000
chr3	2681	107200000	2689	107560000	domain	360000
chr3	2690	107560000	2698	107920000	domain	360000
chr3	2699	107920000	2712	108480000	domain	560000
chr3	2713	108480000	2714	108560000	boundary	80000
chr3	2715	108560000	2725	109000000	domain	440000
chr3	2726	109000000	2742	109680000	domain	680000
chr3	2743	109680000	2757	110280000	domain	600000
chr3	2758	110280000	2777	111080000	domain	800000
chr3	2778	111080000	2789	111560000	domain	480000
chr3	2790	111560000	2791	111640000	boundary	80000
chr3	2792	111640000	2802	112080000	domain	440000
chr3	2803	112080000	2815	112600000	domain	520000
chr3	2816	112600000	2825	113000000	domain	400000
chr3	2826	113000000	2836	113440000	domain	440000
chr3	2837	113440000	2844	113760000	domain	320000
chr3	2845	113760000	2849	113960000	domain	200000
chr3	2850	113960000	2853	114120000	boundary	160000
chr3	2854	114120000	2859	114360000	domain	240000
chr3	2860	114360000	2880	115200000	domain	840000
chr3	2881	115200000	2896	115840000	domain	640000
chr3	2897	115840000	2898	115920000	boundary	80000
chr3	2899	115920000	2919	116760000	domain	840000
chr3	2920	116760000	2925	117000000	domain	240000
chr3	2926	117000000	2951	118040000	domain	1040000
chr3	2952	118040000	2971	118840000	domain	800000
chr3	2972	118840000	2978	119120000	domain	280000
chr3	2979	119120000	2981	119240000	boundary	120000
chr3	2982	119240000	2993	119720000	domain	480000
chr3	2994	119720000	3006	120240000	domain	520000
chr3	3007	120240000	3014	120560000	domain	320000
chr3	3015	120560000	3038	121520000	domain	960000
chr3	3039	121520000	3059	122360000	domain	840000
chr3	3060	122360000	3068	122720000	domain	360000
chr3	3069	122720000	3082	123280000	domain	560000
chr3	3083	123280000	3090	123600000	domain	320000
chr3	3091	123600000	3100	124000000	domain	400000
chr3	3101	124000000	3118	124720000	domain	720000
chr3	3119	124720000	3123	124920000	domain	200000
chr3	3124	124920000	3144	125760000	domain	840000
chr3	3145	125760000	3149	125960000	gap	200000
chr3	3150	125960000	3163	126520000	domain	560000
chr3	3164	126520000	3176	127040000	domain	520000
chr3	3177	127040000	3189	127560000	domain	520000
chr3	3190	127560000	3201	128040000	domain	480000
chr3	3202	128040000	3215	128600000	domain	560000
chr3	3216	128600000	3224	128960000	domain	360000
chr3	3225	128960000	3234	129360000	domain	400000
chr3	3235	129360000	3250	130000000	domain	640000
chr3	3251	130000000	3255	130200000	gap	200000
chr3	3256	130200000	3267	130680000	domain	480000
chr3	3268	130680000	3276	131040000	domain	360000
chr3	3277	131040000	3295	131800000	domain	760000
chr3	3296	131800000	3301	132040000	domain	240000
chr3	3302	132040000	3310	132400000	domain	360000
chr3	3311	132400000	3318	132720000	domain	320000
chr3	3319	132720000	3335	133400000	domain	680000
chr3	3336	133400000	3341	133640000	domain	240000
chr3	3342	133640000	3356	134240000	domain	600000
chr3	3357	134240000	3363	134520000	domain	280000
chr3	3364	134520000	3398	135920000	domain	1400000
chr3	3399	135920000	3401	136040000	boundary	120000
chr3	3402	136040000	3419	136760000	domain	720000
chr3	3420	136760000	3426	137040000	domain	280000
chr3	3427	137040000	3451	138040000	domain	1000000
chr3	3452	138040000	3459	138360000	domain	320000
chr3	3460	138360000	3474	138960000	domain	600000
chr3	3475	138960000	3485	139400000	domain	440000
chr3	3486	139400000	3522	140880000	domain	1480000
chr3	3523	140880000	3531	141240000	domain	360000
chr3	3532	141240000	3540	141600000	domain	360000
chr3	3541	141600000	3549	141960000	domain	360000
chr3	3550	141960000	3564	142560000	domain	600000
chr3	3565	142560000	3576	143040000	domain	480000
chr3	3577	143040000	3593	143720000	domain	680000
chr3	3594	143720000	3599	143960000	domain	240000
chr3	3600	143960000	3625	145000000	domain	1040000
chr3	3626	145000000	3643	145720000	domain	720000
chr3	3644	145720000	3652	146080000	domain	360000
chr3	3653	146080000	3655	146200000	domain	120000
chr3	3656	146200000	3667	146680000	domain	480000
chr3	3668	146680000	3680	147200000	domain	520000
chr3	3681	147200000	3690	147600000	domain	400000
chr3	3691	147600000	3704	148160000	domain	560000
chr3	3705	148160000	3709	148360000	domain	200000
chr3	3710	148360000	3721	148840000	domain	480000
chr3	3722	148840000	3724	148960000	boundary	120000
chr3	3725	148960000	3732	149280000	domain	320000
chr3	3733	149280000	3734	149360000	boundary	80000
chr3	3735	149360000	3737	149480000	domain	120000
chr3	3738	149480000	3746	149840000	domain	360000
chr3	3747	149840000	3756	150240000	domain	400000
chr3	3757	150240000	3763	150520000	domain	280000
chr3	3764	150520000	3772	150880000	domain	360000
chr3	3773	150880000	3779	151160000	domain	280000
chr3	3780	151160000	3785	151400000	domain	240000
chr3	3786	151400000	3799	151960000	domain	560000
chr3	3800	151960000	3812	152480000	domain	520000
chr3	3813	152480000	3825	153000000	domain	520000
chr3	3826	153000000	3850	154000000	domain	1000000
chr3	3851	154000000	3858	154320000	domain	320000
chr3	3859	154320000	3869	154760000	domain	440000
chr3	3870	154760000	3884	155360000	domain	600000
chr3	3885	155360000	3893	155720000	domain	360000
chr3	3894	155720000	3899	155960000	domain	240000
chr3	3900	155960000	3913	156520000	domain	560000
chr3	3914	156520000	3929	157160000	domain	640000
chr3	3930	157160000	3940	157600000	domain	440000
chr3	3941	157600000	3952	158080000	domain	480000
chr3	3953	158080000	3963	158520000	domain	440000
chr3	3964	158520000	3966	158640000	boundary	120000
chr3	3967	158640000	3970	158800000	domain	160000
chr3	3971	158800000	3982	159280000	domain	480000
chr3	3983	159280000	3996	159840000	domain	560000
chr3	3997	159840000	4000	160000000	domain	160000
chr3	4001	160000000	4014	160560000	domain	560000
chr3	4015	160560000	4038	161520000	domain	960000
chr3	4039	161520000	4046	161840000	domain	320000
chr3	4047	161840000	4060	162400000	domain	560000
chr3	4061	162400000	4070	162800000	domain	400000
chr3	4071	162800000	4071	162840000	gap	40000
chr3	4072	162840000	4079	163160000	domain	320000
chr3	4080	163160000	4087	163480000	domain	320000
chr3	4088	163480000	4096	163840000	domain	360000
chr3	4097	163840000	4131	165240000	domain	1400000
chr3	4132	165240000	4146	165840000	domain	600000
chr3	4147	165840000	4176	167040000	domain	1200000
chr3	4177	167040000	4185	167400000	domain	360000
chr3	4186	167400000	4192	167680000	domain	280000
chr3	4193	167680000	4197	167880000	domain	200000
chr3	4198	167880000	4205	168200000	domain	320000
chr3	4206	168200000	4221	168840000	domain	640000
chr3	4222	168840000	4244	169760000	domain	920000
chr3	4245	169760000	4257	170280000	domain	520000
chr3	4258	170280000	4260	170400000	boundary	120000
chr3	4261	170400000	4272	170880000	domain	480000
chr3	4273	170880000	4290	171600000	domain	720000
chr3	4291	171600000	4309	172360000	domain	760000
chr3	4310	172360000	4319	172760000	domain	400000
chr3	4320	172760000	4334	173360000	domain	600000
chr3	4335	173360000	4340	173600000	domain	240000
chr3	4341	173600000	4352	174080000	domain	480000
chr3	4353	174080000	4360	174400000	domain	320000
chr3	4361	174400000	4411	176440000	domain	2040000
chr3	4412	176440000	4424	176960000	domain	520000
chr3	4425	176960000	4460	178400000	domain	1440000
chr3	4461	178400000	4474	178960000	domain	560000
chr3	4475	178960000	4484	179360000	domain	400000
chr3	4485	179360000	4490	179600000	domain	240000
chr3	4491	179600000	4515	180600000	domain	1000000
chr3	4516	180600000	4530	181200000	domain	600000
chr3	4531	181200000	4543	181720000	domain	520000
chr3	4544	181720000	4556	182240000	domain	520000
chr3	4557	182240000	4567	182680000	domain	440000
chr3	4568	182680000	4577	183080000	domain	400000
chr3	4578	183080000	4586	183440000	domain	360000
chr3	4587	183440000	4597	183880000	domain	440000
chr3	4598	183880000	4609	184360000	domain	480000
chr3	4610	184360000	4621	184840000	domain	480000
chr3	4622	184840000	4633	185320000	domain	480000
chr3	4634	185320000	4641	185640000	domain	320000
chr3	4642	185640000	4649	185960000	domain	320000
chr3	4650	185960000	4664	186560000	domain	600000
chr3	4665	186560000	4671	186840000	domain	280000
chr3	4672	186840000	4680	187200000	domain	360000
chr3	4681	187200000	4693	187720000	domain	520000
chr3	4694	187720000	4724	188960000	domain	1240000
chr3	4725	188960000	4731	189240000	domain	280000
chr3	4732	189240000	4749	189960000	domain	720000
chr3	4750	189960000	4761	190440000	domain	480000
chr3	4762	190440000	4767	190680000	domain	240000
chr3	4768	190680000	4778	191120000	domain	440000
chr3	4779	191120000	4786	191440000	domain	320000
chr3	4787	191440000	4802	192080000	domain	640000
chr3	4803	192080000	4812	192480000	domain	400000
chr3	4813	192480000	4820	192800000	domain	320000
chr3	4821	192800000	4827	193080000	domain	280000
chr3	4828	193080000	4840	193600000	domain	520000
chr3	4841	193600000	4858	194320000	domain	720000
chr3	4859	194320000	4861	194440000	boundary	120000
chr3	4862	194440000	4866	194640000	domain	200000
chr3	4867	194640000	4887	195480000	domain	840000
chr3	4888	195480000	4895	195800000	gap	320000
chr3	4896	195800000	4899	195960000	domain	160000
chr3	4900	195960000	4900	196000000	gap	40000
chr3	4901	196000000	4924	196960000	domain	960000
chr3	4925	196960000	4930	197200000	domain	240000
chr3	4931	197200000	4941	197640000	domain	440000
chr3	4942	197640000	4942	197680000	gap	40000
chr3	4943	197680000	4953	198120000	domain	440000
chr3	4954	198120000	4955	198200000	gap	80000
