chr	from.id	from.coord	to.id	to.coord	tag	size
chr10	1	0	2	80000	gap	80000
chr10	3	80000	18	720000	domain	640000
chr10	19	720000	19	760000	gap	40000
chr10	20	760000	27	1080000	domain	320000
chr10	28	1080000	73	2920000	domain	1840000
chr10	74	2920000	79	3160000	boundary	240000
chr10	80	3160000	94	3760000	domain	600000
chr10	95	3760000	124	4960000	domain	1200000
chr10	125	4960000	125	5000000	gap	40000
chr10	126	5000000	135	5400000	domain	400000
chr10	136	5400000	141	5640000	domain	240000
chr10	142	5640000	150	6000000	domain	360000
chr10	151	6000000	161	6440000	domain	440000
chr10	162	6440000	170	6800000	domain	360000
chr10	171	6800000	171	6840000	gap	40000
chr10	172	6840000	186	7440000	domain	600000
chr10	187	7440000	196	7840000	domain	400000
chr10	197	7840000	233	9320000	domain	1480000
chr10	234	9320000	254	10160000	domain	840000
chr10	255	10160000	276	11040000	domain	880000
chr10	277	11040000	286	11440000	domain	400000
chr10	287	11440000	294	11760000	domain	320000
chr10	295	11760000	305	12200000	domain	440000
chr10	306	12200000	318	12720000	domain	520000
chr10	319	12720000	328	13120000	domain	400000
chr10	329	13120000	333	13320000	domain	200000
chr10	334	13320000	340	13600000	domain	280000
chr10	341	13600000	345	13800000	domain	200000
chr10	346	13800000	362	14480000	domain	680000
chr10	363	14480000	371	14840000	domain	360000
chr10	372	14840000	379	15160000	domain	320000
chr10	380	15160000	385	15400000	domain	240000
chr10	386	15400000	397	15880000	domain	480000
chr10	398	15880000	420	16800000	domain	920000
chr10	421	16800000	432	17280000	domain	480000
chr10	433	17280000	440	17600000	domain	320000
chr10	441	17600000	456	18240000	domain	640000
chr10	457	18240000	464	18560000	domain	320000
chr10	465	18560000	465	18600000	gap	40000
chr10	466	18600000	484	19360000	domain	760000
chr10	485	19360000	495	19800000	domain	440000
chr10	496	19800000	521	20840000	domain	1040000
chr10	522	20840000	537	21480000	domain	640000
chr10	538	21480000	549	21960000	domain	480000
chr10	550	21960000	559	22360000	domain	400000
chr10	560	22360000	578	23120000	domain	760000
chr10	579	23120000	592	23680000	domain	560000
chr10	593	23680000	614	24560000	domain	880000
chr10	615	24560000	627	25080000	domain	520000
chr10	628	25080000	643	25720000	domain	640000
chr10	644	25720000	654	26160000	domain	440000
chr10	655	26160000	666	26640000	domain	480000
chr10	667	26640000	682	27280000	domain	640000
chr10	683	27280000	683	27320000	gap	40000
chr10	684	27320000	706	28240000	domain	920000
chr10	707	28240000	710	28400000	domain	160000
chr10	711	28400000	716	28640000	domain	240000
chr10	717	28640000	734	29360000	domain	720000
chr10	735	29360000	749	29960000	domain	600000
chr10	750	29960000	759	30360000	domain	400000
chr10	760	30360000	767	30680000	domain	320000
chr10	768	30680000	795	31800000	domain	1120000
chr10	796	31800000	806	32240000	domain	440000
chr10	807	32240000	810	32400000	domain	160000
chr10	811	32400000	829	33160000	domain	760000
chr10	830	33160000	866	34640000	domain	1480000
chr10	867	34640000	876	35040000	domain	400000
chr10	877	35040000	890	35600000	domain	560000
chr10	891	35600000	927	37080000	domain	1480000
chr10	928	37080000	930	37200000	gap	120000
chr10	931	37200000	938	37520000	domain	320000
chr10	939	37520000	955	38200000	domain	680000
chr10	956	38200000	1062	42480000	gap	4280000
chr10	1063	42480000	1070	42800000	domain	320000
chr10	1071	42800000	1072	42880000	gap	80000
chr10	1073	42880000	1092	43680000	domain	800000
chr10	1093	43680000	1110	44400000	domain	720000
chr10	1111	44400000	1128	45120000	domain	720000
chr10	1129	45120000	1129	45160000	gap	40000
chr10	1130	45160000	1142	45680000	domain	520000
chr10	1143	45680000	1175	47000000	gap	1320000
chr10	1176	47000000	1186	47440000	domain	440000
chr10	1187	47440000	1205	48200000	gap	760000
chr10	1206	48200000	1217	48680000	domain	480000
chr10	1218	48680000	1234	49360000	domain	680000
chr10	1235	49360000	1246	49840000	domain	480000
chr10	1247	49840000	1255	50200000	gap	360000
chr10	1256	50200000	1266	50640000	domain	440000
chr10	1267	50640000	1270	50800000	gap	160000
chr10	1271	50800000	1284	51360000	domain	560000
chr10	1285	51360000	1306	52240000	domain	880000
chr10	1307	52240000	1320	52800000	domain	560000
chr10	1321	52800000	1330	53200000	domain	400000
chr10	1331	53200000	1332	53280000	domain	80000
chr10	1333	53280000	1340	53600000	domain	320000
chr10	1341	53600000	1361	54440000	domain	840000
chr10	1362	54440000	1364	54560000	boundary	120000
chr10	1365	54560000	1375	55000000	domain	440000
chr10	1376	55000000	1390	55600000	domain	600000
chr10	1391	55600000	1433	57320000	domain	1720000
chr10	1434	57320000	1442	57680000	domain	360000
chr10	1443	57680000	1454	58160000	domain	480000
chr10	1455	58160000	1480	59200000	domain	1040000
chr10	1481	59200000	1490	59600000	domain	400000
chr10	1491	59600000	1502	60080000	domain	480000
chr10	1503	60080000	1520	60800000	domain	720000
chr10	1521	60800000	1544	61760000	domain	960000
chr10	1545	61760000	1557	62280000	domain	520000
chr10	1558	62280000	1579	63160000	domain	880000
chr10	1580	63160000	1596	63840000	domain	680000
chr10	1597	63840000	1619	64760000	domain	920000
chr10	1620	64760000	1655	66200000	domain	1440000
chr10	1656	66200000	1673	66920000	domain	720000
chr10	1674	66920000	1696	67840000	domain	920000
chr10	1697	67840000	1708	68320000	domain	480000
chr10	1709	68320000	1729	69160000	domain	840000
chr10	1730	69160000	1738	69520000	domain	360000
chr10	1739	69520000	1752	70080000	domain	560000
chr10	1753	70080000	1760	70400000	domain	320000
chr10	1761	70400000	1772	70880000	domain	480000
chr10	1773	70880000	1782	71280000	domain	400000
chr10	1783	71280000	1797	71880000	domain	600000
chr10	1798	71880000	1809	72360000	domain	480000
chr10	1810	72360000	1841	73640000	domain	1280000
chr10	1842	73640000	1843	73720000	gap	80000
chr10	1844	73720000	1856	74240000	domain	520000
chr10	1857	74240000	1881	75240000	domain	1000000
chr10	1882	75240000	1901	76040000	domain	800000
chr10	1902	76040000	1928	77120000	domain	1080000
chr10	1929	77120000	1944	77760000	domain	640000
chr10	1945	77760000	1951	78040000	domain	280000
chr10	1952	78040000	1988	79520000	domain	1480000
chr10	1989	79520000	2001	80040000	gap	520000
chr10	2002	80040000	2005	80200000	domain	160000
chr10	2006	80200000	2006	80240000	gap	40000
chr10	2007	80240000	2014	80560000	domain	320000
chr10	2015	80560000	2030	81200000	domain	640000
chr10	2031	81200000	2032	81280000	boundary	80000
chr10	2033	81280000	2051	82040000	domain	760000
chr10	2052	82040000	2070	82800000	domain	760000
chr10	2071	82800000	2103	84120000	domain	1320000
chr10	2104	84120000	2114	84560000	domain	440000
chr10	2115	84560000	2159	86360000	domain	1800000
chr10	2160	86360000	2166	86640000	domain	280000
chr10	2167	86640000	2175	87000000	domain	360000
chr10	2176	87000000	2188	87520000	gap	520000
chr10	2189	87520000	2215	88600000	domain	1080000
chr10	2216	88600000	2231	89240000	domain	640000
chr10	2232	89240000	2244	89760000	domain	520000
chr10	2245	89760000	2268	90720000	domain	960000
chr10	2269	90720000	2271	90840000	boundary	120000
chr10	2272	90840000	2283	91320000	domain	480000
chr10	2284	91320000	2294	91760000	domain	440000
chr10	2295	91760000	2299	91960000	domain	200000
chr10	2300	91960000	2313	92520000	domain	560000
chr10	2314	92520000	2334	93360000	domain	840000
chr10	2335	93360000	2338	93520000	domain	160000
chr10	2339	93520000	2347	93880000	domain	360000
chr10	2348	93880000	2370	94800000	domain	920000
chr10	2371	94800000	2371	94840000	gap	40000
chr10	2372	94840000	2392	95680000	domain	840000
chr10	2393	95680000	2400	96000000	domain	320000
chr10	2401	96000000	2405	96200000	domain	200000
chr10	2406	96200000	2409	96360000	boundary	160000
chr10	2410	96360000	2432	97280000	domain	920000
chr10	2433	97280000	2435	97400000	boundary	120000
chr10	2436	97400000	2442	97680000	domain	280000
chr10	2443	97680000	2444	97760000	boundary	80000
chr10	2445	97760000	2453	98120000	domain	360000
chr10	2454	98120000	2461	98440000	domain	320000
chr10	2462	98440000	2482	99280000	domain	840000
chr10	2483	99280000	2493	99720000	domain	440000
chr10	2494	99720000	2507	100280000	domain	560000
chr10	2508	100280000	2513	100520000	domain	240000
chr10	2514	100520000	2526	101040000	domain	520000
chr10	2527	101040000	2553	102120000	domain	1080000
chr10	2554	102120000	2566	102640000	domain	520000
chr10	2567	102640000	2584	103360000	domain	720000
chr10	2585	103360000	2592	103680000	domain	320000
chr10	2593	103680000	2597	103880000	domain	200000
chr10	2598	103880000	2607	104280000	domain	400000
chr10	2608	104280000	2609	104360000	boundary	80000
chr10	2610	104360000	2627	105080000	domain	720000
chr10	2628	105080000	2642	105680000	domain	600000
chr10	2643	105680000	2644	105760000	boundary	80000
chr10	2645	105760000	2651	106040000	boundary	280000
chr10	2652	106040000	2656	106240000	boundary	200000
chr10	2657	106240000	2663	106520000	boundary	280000
chr10	2664	106520000	2684	107360000	domain	840000
chr10	2685	107360000	2696	107840000	domain	480000
chr10	2697	107840000	2714	108560000	domain	720000
chr10	2715	108560000	2724	108960000	domain	400000
chr10	2725	108960000	2745	109800000	domain	840000
chr10	2746	109800000	2746	109840000	gap	40000
chr10	2747	109840000	2757	110280000	domain	440000
chr10	2758	110280000	2765	110600000	domain	320000
chr10	2766	110600000	2776	111040000	domain	440000
chr10	2777	111040000	2792	111680000	domain	640000
chr10	2793	111680000	2804	112160000	domain	480000
chr10	2805	112160000	2812	112480000	domain	320000
chr10	2813	112480000	2842	113680000	domain	1200000
chr10	2843	113680000	2857	114280000	domain	600000
chr10	2858	114280000	2861	114440000	domain	160000
chr10	2862	114440000	2871	114840000	domain	400000
chr10	2872	114840000	2879	115160000	domain	320000
chr10	2880	115160000	2886	115440000	domain	280000
chr10	2887	115440000	2916	116640000	domain	1200000
chr10	2917	116640000	2930	117200000	domain	560000
chr10	2931	117200000	2937	117480000	domain	280000
chr10	2938	117480000	2956	118240000	domain	760000
chr10	2957	118240000	2964	118560000	domain	320000
chr10	2965	118560000	2978	119120000	domain	560000
chr10	2979	119120000	2989	119560000	domain	440000
chr10	2990	119560000	2998	119920000	domain	360000
chr10	2999	119920000	3010	120400000	domain	480000
chr10	3011	120400000	3023	120920000	domain	520000
chr10	3024	120920000	3048	121920000	domain	1000000
chr10	3049	121920000	3053	122120000	domain	200000
chr10	3054	122120000	3057	122280000	boundary	160000
chr10	3058	122280000	3065	122600000	domain	320000
chr10	3066	122600000	3066	122640000	gap	40000
chr10	3067	122640000	3074	122960000	domain	320000
chr10	3075	122960000	3089	123560000	domain	600000
chr10	3090	123560000	3099	123960000	domain	400000
chr10	3100	123960000	3111	124440000	domain	480000
chr10	3112	124440000	3123	124920000	domain	480000
chr10	3124	124920000	3147	125880000	domain	960000
chr10	3148	125880000	3148	125920000	gap	40000
chr10	3149	125920000	3187	127480000	domain	1560000
chr10	3188	127480000	3197	127880000	domain	400000
chr10	3198	127880000	3205	128200000	domain	320000
chr10	3206	128200000	3226	129040000	domain	840000
chr10	3227	129040000	3255	130200000	domain	1160000
chr10	3256	130200000	3266	130640000	domain	440000
chr10	3267	130640000	3284	131360000	domain	720000
chr10	3285	131360000	3296	131840000	domain	480000
chr10	3297	131840000	3304	132160000	domain	320000
chr10	3305	132160000	3309	132360000	domain	200000
chr10	3310	132360000	3319	132760000	domain	400000
chr10	3320	132760000	3320	132800000	gap	40000
chr10	3321	132800000	3339	133560000	domain	760000
chr10	3340	133560000	3345	133797422	gap	237422
