chr	from.id	from.coord	to.id	to.coord	tag	size
chr9	1	0	5	200000	gap	200000
chr9	6	200000	25	1000000	domain	800000
chr9	26	1000000	49	1960000	domain	960000
chr9	50	1960000	71	2840000	domain	880000
chr9	72	2840000	110	4400000	domain	1560000
chr9	111	4400000	117	4680000	boundary	280000
chr9	118	4680000	145	5800000	domain	1120000
chr9	146	5800000	151	6040000	boundary	240000
chr9	152	6040000	158	6320000	domain	280000
chr9	159	6320000	169	6760000	boundary	440000
chr9	170	6760000	239	9560000	domain	2800000
chr9	240	9560000	250	10000000	boundary	440000
chr9	251	10000000	317	12680000	domain	2680000
chr9	318	12680000	326	13040000	boundary	360000
chr9	327	13040000	361	14440000	domain	1400000
chr9	362	14440000	370	14800000	boundary	360000
chr9	371	14800000	379	15160000	boundary	360000
chr9	380	15160000	393	15720000	domain	560000
chr9	394	15720000	426	17040000	domain	1320000
chr9	427	17040000	438	17520000	domain	480000
chr9	439	17520000	445	17800000	boundary	280000
chr9	446	17800000	456	18240000	domain	440000
chr9	457	18240000	476	19040000	domain	800000
chr9	477	19040000	487	19480000	boundary	440000
chr9	488	19480000	529	21160000	domain	1680000
chr9	530	21160000	531	21240000	gap	80000
chr9	532	21240000	557	22280000	domain	1040000
chr9	558	22280000	562	22480000	boundary	200000
chr9	563	22480000	602	24080000	domain	1600000
chr9	603	24080000	672	26880000	domain	2800000
chr9	673	26880000	682	27280000	boundary	400000
chr9	683	27280000	689	27560000	boundary	280000
chr9	690	27560000	743	29720000	domain	2160000
chr9	744	29720000	745	29800000	boundary	80000
chr9	746	29800000	809	32360000	domain	2560000
chr9	810	32360000	838	33520000	domain	1160000
chr9	839	33520000	840	33600000	gap	80000
chr9	841	33600000	860	34400000	domain	800000
chr9	861	34400000	866	34640000	boundary	240000
chr9	867	34640000	894	35760000	domain	1120000
chr9	895	35760000	910	36400000	boundary	640000
chr9	911	36400000	937	37480000	domain	1080000
chr9	938	37480000	964	38560000	domain	1080000
chr9	965	38560000	1710	68400000	gap	29840000
chr9	1711	68400000	1731	69240000	domain	840000
chr9	1732	69240000	1767	70680000	domain	1440000
chr9	1768	70680000	1769	70760000	gap	80000
chr9	1770	70760000	1801	72040000	domain	1280000
chr9	1802	72040000	1821	72840000	domain	800000
chr9	1822	72840000	1830	73200000	boundary	360000
chr9	1831	73200000	1869	74760000	domain	1560000
chr9	1870	74760000	1877	75080000	boundary	320000
chr9	1878	75080000	1910	76400000	domain	1320000
chr9	1911	76400000	1918	76720000	boundary	320000
chr9	1919	76720000	1929	77160000	domain	440000
chr9	1930	77160000	1956	78240000	domain	1080000
chr9	1957	78240000	2048	81920000	domain	3680000
chr9	2049	81920000	2049	81960000	gap	40000
chr9	2050	81960000	2075	83000000	domain	1040000
chr9	2076	83000000	2096	83840000	domain	840000
chr9	2097	83840000	2098	83920000	gap	80000
chr9	2099	83920000	2144	85760000	domain	1840000
chr9	2145	85760000	2146	85840000	gap	80000
chr9	2147	85840000	2198	87920000	domain	2080000
chr9	2199	87920000	2199	87960000	gap	40000
chr9	2200	87960000	2203	88120000	domain	160000
chr9	2204	88120000	2204	88160000	gap	40000
chr9	2205	88160000	2233	89320000	domain	1160000
chr9	2234	89320000	2253	90120000	domain	800000
chr9	2254	90120000	2272	90880000	domain	760000
chr9	2273	90880000	2294	91760000	domain	880000
chr9	2295	91760000	2300	92000000	boundary	240000
chr9	2301	92000000	2322	92880000	domain	880000
chr9	2323	92880000	2358	94320000	domain	1440000
chr9	2359	94320000	2361	94440000	gap	120000
chr9	2362	94440000	2380	95200000	domain	760000
chr9	2381	95200000	2422	96880000	domain	1680000
chr9	2423	96880000	2431	97240000	gap	360000
chr9	2432	97240000	2457	98280000	domain	1040000
chr9	2458	98280000	2470	98800000	domain	520000
chr9	2471	98800000	2479	99160000	boundary	360000
chr9	2480	99160000	2515	100600000	domain	1440000
chr9	2516	100600000	2536	101440000	domain	840000
chr9	2537	101440000	2539	101560000	boundary	120000
chr9	2540	101560000	2619	104760000	domain	3200000
chr9	2620	104760000	2644	105760000	domain	1000000
chr9	2645	105760000	2645	105800000	gap	40000
chr9	2646	105800000	2681	107240000	domain	1440000
chr9	2682	107240000	2685	107400000	boundary	160000
chr9	2686	107400000	2722	108880000	domain	1480000
chr9	2723	108880000	2738	109520000	boundary	640000
chr9	2739	109520000	2756	110240000	domain	720000
chr9	2757	110240000	2785	111400000	domain	1160000
chr9	2786	111400000	2826	113040000	domain	1640000
chr9	2827	113040000	2828	113120000	gap	80000
chr9	2829	113120000	2852	114080000	domain	960000
chr9	2853	114080000	2860	114400000	boundary	320000
chr9	2861	114400000	2866	114640000	boundary	240000
chr9	2867	114640000	2889	115560000	domain	920000
chr9	2890	115560000	2918	116720000	domain	1160000
chr9	2919	116720000	2937	117480000	domain	760000
chr9	2938	117480000	3014	120560000	domain	3080000
chr9	3015	120560000	3030	121200000	boundary	640000
chr9	3031	121200000	3036	121440000	boundary	240000
chr9	3037	121440000	3052	122080000	domain	640000
chr9	3053	122080000	3071	122840000	domain	760000
chr9	3072	122840000	3084	123360000	boundary	520000
chr9	3085	123360000	3115	124600000	domain	1240000
chr9	3116	124600000	3119	124760000	boundary	160000
chr9	3120	124760000	3130	125200000	domain	440000
chr9	3131	125200000	3134	125360000	boundary	160000
chr9	3135	125360000	3170	126800000	domain	1440000
chr9	3171	126800000	3180	127200000	boundary	400000
chr9	3181	127200000	3186	127440000	boundary	240000
chr9	3187	127440000	3204	128160000	boundary	720000
chr9	3205	128160000	3227	129080000	domain	920000
chr9	3228	129080000	3245	129800000	domain	720000
chr9	3246	129800000	3252	130080000	boundary	280000
chr9	3253	130080000	3261	130440000	domain	360000
chr9	3262	130440000	3267	130680000	boundary	240000
chr9	3268	130680000	3277	131080000	boundary	400000
chr9	3278	131080000	3288	131520000	domain	440000
chr9	3289	131520000	3294	131760000	domain	240000
chr9	3295	131760000	3309	132360000	domain	600000
chr9	3310	132360000	3325	133000000	domain	640000
chr9	3326	133000000	3344	133760000	domain	760000
chr9	3345	133760000	3353	134120000	boundary	360000
chr9	3354	134120000	3361	134440000	domain	320000
chr9	3362	134440000	3388	135520000	domain	1080000
chr9	3389	135520000	3396	135840000	boundary	320000
chr9	3397	135840000	3408	136320000	boundary	480000
chr9	3409	136320000	3418	136720000	boundary	400000
chr9	3419	136720000	3428	137120000	boundary	400000
chr9	3429	137120000	3432	137280000	boundary	160000
chr9	3433	137280000	3453	138120000	domain	840000
chr9	3454	138120000	3457	138280000	gap	160000
