chr	from.id	from.coord	to.id	to.coord	tag	size
chr12	1	0	1	40000	gap	40000
chr12	2	40000	41	1640000	domain	1600000
chr12	42	1640000	71	2840000	domain	1200000
chr12	72	2840000	76	3040000	boundary	200000
chr12	77	3040000	82	3280000	boundary	240000
chr12	83	3280000	97	3880000	domain	600000
chr12	98	3880000	121	4840000	domain	960000
chr12	122	4840000	149	5960000	domain	1120000
chr12	150	5960000	155	6200000	boundary	240000
chr12	156	6200000	158	6320000	boundary	120000
chr12	159	6320000	172	6880000	boundary	560000
chr12	173	6880000	179	7160000	boundary	280000
chr12	180	7160000	204	8160000	domain	1000000
chr12	205	8160000	211	8440000	gap	280000
chr12	212	8440000	232	9280000	domain	840000
chr12	233	9280000	240	9600000	gap	320000
chr12	241	9600000	260	10400000	domain	800000
chr12	261	10400000	261	10440000	gap	40000
chr12	262	10440000	277	11080000	domain	640000
chr12	278	11080000	278	11120000	gap	40000
chr12	279	11120000	282	11280000	domain	160000
chr12	283	11280000	283	11320000	gap	40000
chr12	284	11320000	309	12360000	domain	1040000
chr12	310	12360000	319	12760000	boundary	400000
chr12	320	12760000	331	13240000	boundary	480000
chr12	332	13240000	354	14160000	domain	920000
chr12	355	14160000	368	14720000	domain	560000
chr12	369	14720000	398	15920000	domain	1200000
chr12	399	15920000	452	18080000	domain	2160000
chr12	453	18080000	488	19520000	domain	1440000
chr12	489	19520000	492	19680000	boundary	160000
chr12	493	19680000	519	20760000	domain	1080000
chr12	520	20760000	520	20800000	gap	40000
chr12	521	20800000	560	22400000	domain	1600000
chr12	561	22400000	561	22440000	gap	40000
chr12	562	22440000	624	24960000	domain	2520000
chr12	625	24960000	629	25160000	boundary	200000
chr12	630	25160000	651	26040000	domain	880000
chr12	652	26040000	672	26880000	domain	840000
chr12	673	26880000	684	27360000	domain	480000
chr12	685	27360000	693	27720000	domain	360000
chr12	694	27720000	727	29080000	domain	1360000
chr12	728	29080000	776	31040000	domain	1960000
chr12	777	31040000	780	31200000	gap	160000
chr12	781	31200000	819	32760000	domain	1560000
chr12	820	32760000	851	34040000	domain	1280000
chr12	852	34040000	852	34080000	gap	40000
chr12	853	34080000	860	34400000	domain	320000
chr12	861	34400000	951	38040000	gap	3640000
chr12	952	38040000	958	38320000	domain	280000
chr12	959	38320000	959	38360000	gap	40000
chr12	960	38360000	982	39280000	domain	920000
chr12	983	39280000	989	39560000	boundary	280000
chr12	990	39560000	1014	40560000	domain	1000000
chr12	1015	40560000	1023	40920000	domain	360000
chr12	1024	40920000	1053	42120000	domain	1200000
chr12	1054	42120000	1061	42440000	domain	320000
chr12	1062	42440000	1085	43400000	domain	960000
chr12	1086	43400000	1093	43720000	boundary	320000
chr12	1094	43720000	1128	45120000	domain	1400000
chr12	1129	45120000	1150	46000000	domain	880000
chr12	1151	46000000	1192	47680000	domain	1680000
chr12	1193	47680000	1196	47840000	boundary	160000
chr12	1197	47840000	1218	48720000	domain	880000
chr12	1219	48720000	1240	49600000	domain	880000
chr12	1241	49600000	1243	49720000	boundary	120000
chr12	1244	49720000	1252	50080000	boundary	360000
chr12	1253	50080000	1261	50440000	boundary	360000
chr12	1262	50440000	1269	50760000	domain	320000
chr12	1270	50760000	1285	51400000	domain	640000
chr12	1286	51400000	1300	52000000	domain	600000
chr12	1301	52000000	1303	52120000	boundary	120000
chr12	1304	52120000	1326	53040000	domain	920000
chr12	1327	53040000	1333	53320000	boundary	280000
chr12	1334	53320000	1338	53520000	boundary	200000
chr12	1339	53520000	1342	53680000	boundary	160000
chr12	1343	53680000	1344	53760000	boundary	80000
chr12	1345	53760000	1362	54480000	domain	720000
chr12	1363	54480000	1393	55720000	domain	1240000
chr12	1394	55720000	1399	55960000	boundary	240000
chr12	1400	55960000	1412	56480000	boundary	520000
chr12	1413	56480000	1415	56600000	boundary	120000
chr12	1416	56600000	1444	57760000	domain	1160000
chr12	1445	57760000	1448	57920000	boundary	160000
chr12	1449	57920000	1480	59200000	domain	1280000
chr12	1481	59200000	1556	62240000	domain	3040000
chr12	1557	62240000	1588	63520000	domain	1280000
chr12	1589	63520000	1594	63760000	gap	240000
chr12	1595	63760000	1613	64520000	domain	760000
chr12	1614	64520000	1619	64760000	boundary	240000
chr12	1620	64760000	1631	65240000	domain	480000
chr12	1632	65240000	1653	66120000	domain	880000
chr12	1654	66120000	1682	67280000	domain	1160000
chr12	1683	67280000	1705	68200000	domain	920000
chr12	1706	68200000	1721	68840000	domain	640000
chr12	1722	68840000	1731	69240000	boundary	400000
chr12	1732	69240000	1741	69640000	domain	400000
chr12	1742	69640000	1794	71760000	domain	2120000
chr12	1795	71760000	1799	71960000	boundary	200000
chr12	1800	71960000	1866	74640000	domain	2680000
chr12	1867	74640000	1883	75320000	domain	680000
chr12	1884	75320000	1887	75480000	boundary	160000
chr12	1888	75480000	1915	76600000	domain	1120000
chr12	1916	76600000	1924	76960000	domain	360000
chr12	1925	76960000	1943	77720000	domain	760000
chr12	1944	77720000	1949	77960000	boundary	240000
chr12	1950	77960000	1953	78120000	boundary	160000
chr12	1954	78120000	1986	79440000	domain	1320000
chr12	1987	79440000	1987	79480000	gap	40000
chr12	1988	79480000	2011	80440000	domain	960000
chr12	2012	80440000	2012	80480000	gap	40000
chr12	2013	80480000	2032	81280000	domain	800000
chr12	2033	81280000	2041	81640000	boundary	360000
chr12	2042	81640000	2059	82360000	domain	720000
chr12	2060	82360000	2120	84800000	domain	2440000
chr12	2121	84800000	2126	85040000	boundary	240000
chr12	2127	85040000	2150	86000000	domain	960000
chr12	2151	86000000	2201	88040000	domain	2040000
chr12	2202	88040000	2225	89000000	domain	960000
chr12	2226	89000000	2238	89520000	domain	520000
chr12	2239	89520000	2274	90960000	domain	1440000
chr12	2275	90960000	2284	91360000	boundary	400000
chr12	2285	91360000	2317	92680000	domain	1320000
chr12	2318	92680000	2336	93440000	domain	760000
chr12	2337	93440000	2353	94120000	domain	680000
chr12	2354	94120000	2376	95040000	domain	920000
chr12	2377	95040000	2389	95560000	domain	520000
chr12	2390	95560000	2397	95880000	boundary	320000
chr12	2398	95880000	2413	96520000	domain	640000
chr12	2414	96520000	2461	98440000	domain	1920000
chr12	2462	98440000	2475	99000000	domain	560000
chr12	2476	99000000	2495	99800000	domain	800000
chr12	2496	99800000	2519	100760000	domain	960000
chr12	2520	100760000	2535	101400000	domain	640000
chr12	2536	101400000	2546	101840000	boundary	440000
chr12	2547	101840000	2571	102840000	domain	1000000
chr12	2572	102840000	2594	103760000	domain	920000
chr12	2595	103760000	2603	104120000	boundary	360000
chr12	2604	104120000	2628	105120000	domain	1000000
chr12	2629	105120000	2635	105400000	boundary	280000
chr12	2636	105400000	2658	106320000	domain	920000
chr12	2659	106320000	2674	106960000	domain	640000
chr12	2675	106960000	2678	107120000	boundary	160000
chr12	2679	107120000	2692	107680000	domain	560000
chr12	2693	107680000	2698	107920000	boundary	240000
chr12	2699	107920000	2713	108520000	domain	600000
chr12	2714	108520000	2727	109080000	domain	560000
chr12	2728	109080000	2735	109400000	boundary	320000
chr12	2736	109400000	2747	109880000	domain	480000
chr12	2748	109880000	2766	110640000	domain	760000
chr12	2767	110640000	2772	110880000	boundary	240000
chr12	2773	110880000	2785	111400000	domain	520000
chr12	2786	111400000	2787	111480000	boundary	80000
chr12	2788	111480000	2796	111840000	boundary	360000
chr12	2797	111840000	2811	112440000	boundary	600000
chr12	2812	112440000	2864	114560000	domain	2120000
chr12	2865	114560000	2898	115920000	domain	1360000
chr12	2899	115920000	2930	117200000	domain	1280000
chr12	2931	117200000	2947	117880000	domain	680000
chr12	2948	117880000	2952	118080000	boundary	200000
chr12	2953	118080000	2960	118400000	boundary	320000
chr12	2961	118400000	2992	119680000	domain	1280000
chr12	2993	119680000	3003	120120000	boundary	440000
chr12	3004	120120000	3032	121280000	domain	1160000
chr12	3033	121280000	3037	121480000	boundary	200000
chr12	3038	121480000	3042	121680000	boundary	200000
chr12	3043	121680000	3056	122240000	boundary	560000
chr12	3057	122240000	3064	122560000	boundary	320000
chr12	3065	122560000	3069	122760000	domain	200000
chr12	3070	122760000	3074	122960000	domain	200000
chr12	3075	122960000	3094	123760000	domain	800000
chr12	3095	123760000	3125	125000000	domain	1240000
chr12	3126	125000000	3205	128200000	domain	3200000
chr12	3206	128200000	3250	130000000	domain	1800000
chr12	3251	130000000	3282	131280000	domain	1280000
chr12	3283	131280000	3283	131320000	gap	40000
chr12	3284	131320000	3291	131640000	domain	320000
chr12	3292	131640000	3291	131640000	gap	0
chr12	3292	131640000	3292	131680000	gap	40000
chr12	3293	131680000	3332	133275309	domain	1595309
