chr	from.id	from.coord	to.id	to.coord	tag	size
chr4	1	0	2	80000	gap	80000
chr4	3	80000	25	1000000	domain	920000
chr4	26	1000000	26	1040000	gap	40000
chr4	27	1040000	42	1680000	domain	640000
chr4	43	1680000	55	2200000	domain	520000
chr4	56	2200000	69	2760000	domain	560000
chr4	70	2760000	89	3560000	domain	800000
chr4	90	3560000	90	3600000	gap	40000
chr4	91	3600000	98	3920000	domain	320000
chr4	99	3920000	104	4160000	gap	240000
chr4	105	4160000	123	4920000	domain	760000
chr4	124	4920000	149	5960000	domain	1040000
chr4	150	5960000	164	6560000	domain	600000
chr4	165	6560000	178	7120000	domain	560000
chr4	179	7120000	195	7800000	domain	680000
chr4	196	7800000	215	8600000	domain	800000
chr4	216	8600000	216	8640000	gap	40000
chr4	217	8640000	226	9040000	domain	400000
chr4	227	9040000	242	9680000	gap	640000
chr4	243	9680000	255	10200000	domain	520000
chr4	256	10200000	256	10240000	gap	40000
chr4	257	10240000	294	11760000	domain	1520000
chr4	295	11760000	318	12720000	domain	960000
chr4	319	12720000	341	13640000	domain	920000
chr4	342	13640000	380	15200000	domain	1560000
chr4	381	15200000	387	15480000	boundary	280000
chr4	388	15480000	400	16000000	domain	520000
chr4	401	16000000	407	16280000	boundary	280000
chr4	408	16280000	437	17480000	domain	1200000
chr4	438	17480000	466	18640000	domain	1160000
chr4	467	18640000	480	19200000	domain	560000
chr4	481	19200000	507	20280000	domain	1080000
chr4	508	20280000	510	20400000	boundary	120000
chr4	511	20400000	518	20720000	domain	320000
chr4	519	20720000	538	21520000	domain	800000
chr4	539	21520000	544	21760000	boundary	240000
chr4	545	21760000	572	22880000	domain	1120000
chr4	573	22880000	611	24440000	domain	1560000
chr4	612	24440000	629	25160000	domain	720000
chr4	630	25160000	635	25400000	boundary	240000
chr4	636	25400000	647	25880000	domain	480000
chr4	648	25880000	676	27040000	domain	1160000
chr4	677	27040000	695	27800000	domain	760000
chr4	696	27800000	726	29040000	domain	1240000
chr4	727	29040000	759	30360000	domain	1320000
chr4	760	30360000	768	30720000	domain	360000
chr4	769	30720000	795	31800000	domain	1080000
chr4	796	31800000	796	31840000	gap	40000
chr4	797	31840000	814	32560000	domain	720000
chr4	815	32560000	861	34440000	domain	1880000
chr4	862	34440000	863	34520000	boundary	80000
chr4	864	34520000	910	36400000	domain	1880000
chr4	911	36400000	936	37440000	domain	1040000
chr4	937	37440000	939	37560000	boundary	120000
chr4	940	37560000	945	37800000	domain	240000
chr4	946	37800000	951	38040000	boundary	240000
chr4	952	38040000	972	38880000	domain	840000
chr4	973	38880000	979	39160000	domain	280000
chr4	980	39160000	986	39440000	boundary	280000
chr4	987	39440000	1001	40040000	domain	600000
chr4	1002	40040000	1008	40320000	boundary	280000
chr4	1009	40320000	1019	40760000	domain	440000
chr4	1020	40760000	1023	40920000	boundary	160000
chr4	1024	40920000	1031	41240000	boundary	320000
chr4	1032	41240000	1042	41680000	domain	440000
chr4	1043	41680000	1048	41920000	boundary	240000
chr4	1049	41920000	1056	42240000	domain	320000
chr4	1057	42240000	1063	42520000	boundary	280000
chr4	1064	42520000	1075	43000000	domain	480000
chr4	1076	43000000	1117	44680000	domain	1680000
chr4	1118	44680000	1137	45480000	domain	800000
chr4	1138	45480000	1158	46320000	domain	840000
chr4	1159	46320000	1169	46760000	boundary	440000
chr4	1170	46760000	1186	47440000	domain	680000
chr4	1187	47440000	1204	48160000	domain	720000
chr4	1205	48160000	1227	49080000	domain	920000
chr4	1228	49080000	1296	51840000	gap	2760000
chr4	1297	51840000	1326	53040000	domain	1200000
chr4	1327	53040000	1329	53160000	boundary	120000
chr4	1330	53160000	1357	54280000	domain	1120000
chr4	1358	54280000	1374	54960000	domain	680000
chr4	1375	54960000	1397	55880000	domain	920000
chr4	1398	55880000	1409	56360000	domain	480000
chr4	1410	56360000	1426	57040000	domain	680000
chr4	1427	57040000	1472	58880000	domain	1840000
chr4	1473	58880000	1473	58920000	gap	40000
chr4	1474	58920000	1480	59200000	domain	280000
chr4	1481	59200000	1513	60520000	domain	1320000
chr4	1514	60520000	1567	62680000	domain	2160000
chr4	1568	62680000	1570	62800000	boundary	120000
chr4	1571	62800000	1616	64640000	domain	1840000
chr4	1617	64640000	1685	67400000	domain	2760000
chr4	1686	67400000	1693	67720000	boundary	320000
chr4	1694	67720000	1706	68240000	domain	520000
chr4	1707	68240000	1710	68400000	boundary	160000
chr4	1711	68400000	1729	69160000	domain	760000
chr4	1730	69160000	1730	69200000	gap	40000
chr4	1731	69200000	1735	69400000	domain	200000
chr4	1736	69400000	1736	69440000	gap	40000
chr4	1737	69440000	1764	70560000	domain	1120000
chr4	1765	70560000	1776	71040000	domain	480000
chr4	1777	71040000	1794	71760000	domain	720000
chr4	1795	71760000	1827	73080000	domain	1320000
chr4	1828	73080000	1832	73280000	boundary	200000
chr4	1833	73280000	1854	74160000	domain	880000
chr4	1855	74160000	1870	74800000	domain	640000
chr4	1871	74800000	1889	75560000	domain	760000
chr4	1890	75560000	1899	75960000	boundary	400000
chr4	1900	75960000	1943	77720000	domain	1760000
chr4	1944	77720000	1947	77880000	boundary	160000
chr4	1948	77880000	1973	78920000	domain	1040000
chr4	1974	78920000	1998	79920000	domain	1000000
chr4	1999	79920000	1999	79960000	gap	40000
chr4	2000	79960000	2027	81080000	domain	1120000
chr4	2028	81080000	2035	81400000	domain	320000
chr4	2036	81400000	2059	82360000	domain	960000
chr4	2060	82360000	2087	83480000	domain	1120000
chr4	2088	83480000	2091	83640000	boundary	160000
chr4	2092	83640000	2114	84560000	domain	920000
chr4	2115	84560000	2126	85040000	domain	480000
chr4	2127	85040000	2151	86040000	domain	1000000
chr4	2152	86040000	2162	86480000	domain	440000
chr4	2163	86480000	2173	86920000	domain	440000
chr4	2174	86920000	2181	87240000	boundary	320000
chr4	2182	87240000	2188	87520000	boundary	280000
chr4	2189	87520000	2200	88000000	domain	480000
chr4	2201	88000000	2205	88200000	domain	200000
chr4	2206	88200000	2213	88520000	domain	320000
chr4	2214	88520000	2217	88680000	boundary	160000
chr4	2218	88680000	2228	89120000	domain	440000
chr4	2229	89120000	2249	89960000	domain	840000
chr4	2250	89960000	2258	90320000	boundary	360000
chr4	2259	90320000	2344	93760000	domain	3440000
chr4	2345	93760000	2356	94240000	domain	480000
chr4	2357	94240000	2365	94600000	boundary	360000
chr4	2366	94600000	2379	95160000	domain	560000
chr4	2380	95160000	2452	98080000	domain	2920000
chr4	2453	98080000	2477	99080000	domain	1000000
chr4	2478	99080000	2488	99520000	domain	440000
chr4	2489	99520000	2500	100000000	domain	480000
chr4	2501	100000000	2520	100800000	domain	800000
chr4	2521	100800000	2558	102320000	domain	1520000
chr4	2559	102320000	2578	103120000	domain	800000
chr4	2579	103120000	2599	103960000	domain	840000
chr4	2600	103960000	2622	104880000	domain	920000
chr4	2623	104880000	2637	105480000	domain	600000
chr4	2638	105480000	2643	105720000	boundary	240000
chr4	2644	105720000	2656	106240000	domain	520000
chr4	2657	106240000	2675	107000000	domain	760000
chr4	2676	107000000	2694	107760000	domain	760000
chr4	2695	107760000	2698	107920000	boundary	160000
chr4	2699	107920000	2716	108640000	domain	720000
chr4	2717	108640000	2735	109400000	domain	760000
chr4	2736	109400000	2750	110000000	domain	600000
chr4	2751	110000000	2764	110560000	domain	560000
chr4	2765	110560000	2791	111640000	domain	1080000
chr4	2792	111640000	2801	112040000	domain	400000
chr4	2802	112040000	2816	112640000	domain	600000
chr4	2817	112640000	2827	113080000	boundary	440000
chr4	2828	113080000	2869	114760000	domain	1680000
chr4	2870	114760000	2903	116120000	domain	1360000
chr4	2904	116120000	2927	117080000	domain	960000
chr4	2928	117080000	2960	118400000	domain	1320000
chr4	2961	118400000	2967	118680000	gap	280000
chr4	2968	118680000	2983	119320000	domain	640000
chr4	2984	119320000	2987	119480000	gap	160000
chr4	2988	119480000	3029	121160000	domain	1680000
chr4	3030	121160000	3033	121320000	boundary	160000
chr4	3034	121320000	3045	121800000	domain	480000
chr4	3046	121800000	3065	122600000	domain	800000
chr4	3066	122600000	3075	123000000	domain	400000
chr4	3076	123000000	3108	124320000	domain	1320000
chr4	3109	124320000	3133	125320000	domain	1000000
chr4	3134	125320000	3167	126680000	domain	1360000
chr4	3168	126680000	3190	127600000	domain	920000
chr4	3191	127600000	3194	127760000	boundary	160000
chr4	3195	127760000	3202	128080000	boundary	320000
chr4	3203	128080000	3204	128160000	boundary	80000
chr4	3205	128160000	3228	129120000	domain	960000
chr4	3229	129120000	3271	130840000	domain	1720000
chr4	3272	130840000	3291	131640000	domain	800000
chr4	3292	131640000	3299	131960000	gap	320000
chr4	3300	131960000	3327	133080000	domain	1120000
chr4	3328	133080000	3374	134960000	domain	1880000
chr4	3375	134960000	3427	137080000	domain	2120000
chr4	3428	137080000	3475	139000000	domain	1920000
chr4	3476	139000000	3491	139640000	domain	640000
chr4	3492	139640000	3509	140360000	domain	720000
chr4	3510	140360000	3529	141160000	domain	800000
chr4	3530	141160000	3551	142040000	domain	880000
chr4	3552	142040000	3572	142880000	domain	840000
chr4	3573	142880000	3595	143800000	domain	920000
chr4	3596	143800000	3604	144160000	gap	360000
chr4	3605	144160000	3628	145120000	domain	960000
chr4	3629	145120000	3640	145600000	domain	480000
chr4	3641	145600000	3648	145920000	boundary	320000
chr4	3649	145920000	3675	147000000	domain	1080000
chr4	3676	147000000	3692	147680000	domain	680000
chr4	3693	147680000	3697	147880000	boundary	200000
chr4	3698	147880000	3732	149280000	domain	1400000
chr4	3733	149280000	3749	149960000	domain	680000
chr4	3750	149960000	3756	150240000	boundary	280000
chr4	3757	150240000	3777	151080000	domain	840000
chr4	3778	151080000	3810	152400000	domain	1320000
chr4	3811	152400000	3819	152760000	boundary	360000
chr4	3820	152760000	3828	153120000	boundary	360000
chr4	3829	153120000	3842	153680000	domain	560000
chr4	3843	153680000	3863	154520000	domain	840000
chr4	3864	154520000	3884	155360000	domain	840000
chr4	3885	155360000	3895	155800000	domain	440000
chr4	3896	155800000	3899	155960000	boundary	160000
chr4	3900	155960000	3910	156400000	domain	440000
chr4	3911	156400000	3929	157160000	domain	760000
chr4	3930	157160000	3949	157960000	domain	800000
chr4	3950	157960000	3967	158680000	domain	720000
chr4	3968	158680000	3987	159480000	domain	800000
chr4	3988	159480000	4038	161520000	domain	2040000
chr4	4039	161520000	4039	161560000	gap	40000
chr4	4040	161560000	4060	162400000	domain	840000
chr4	4061	162400000	4089	163560000	domain	1160000
chr4	4090	163560000	4106	164240000	domain	680000
chr4	4107	164240000	4107	164280000	gap	40000
chr4	4108	164280000	4131	165240000	domain	960000
chr4	4132	165240000	4132	165280000	gap	40000
chr4	4133	165280000	4154	166160000	domain	880000
chr4	4155	166160000	4171	166840000	domain	680000
chr4	4172	166840000	4197	167880000	domain	1040000
chr4	4198	167880000	4202	168080000	gap	200000
chr4	4203	168080000	4223	168920000	domain	840000
chr4	4224	168920000	4240	169600000	domain	680000
chr4	4241	169600000	4253	170120000	domain	520000
chr4	4254	170120000	4276	171040000	domain	920000
chr4	4277	171040000	4324	172960000	domain	1920000
chr4	4325	172960000	4336	173440000	domain	480000
chr4	4337	173440000	4358	174320000	domain	880000
chr4	4359	174320000	4368	174720000	domain	400000
chr4	4369	174720000	4389	175560000	domain	840000
chr4	4390	175560000	4399	175960000	domain	400000
chr4	4400	175960000	4409	176360000	boundary	400000
chr4	4410	176360000	4431	177240000	domain	880000
chr4	4432	177240000	4434	177360000	boundary	120000
chr4	4435	177360000	4486	179440000	domain	2080000
chr4	4487	179440000	4495	179800000	boundary	360000
chr4	4496	179800000	4499	179960000	boundary	160000
chr4	4500	179960000	4510	180400000	boundary	440000
chr4	4511	180400000	4516	180640000	boundary	240000
chr4	4517	180640000	4539	181560000	domain	920000
chr4	4540	181560000	4573	182920000	domain	1360000
chr4	4574	182920000	4586	183440000	domain	520000
chr4	4587	183440000	4606	184240000	domain	800000
chr4	4607	184240000	4618	184720000	domain	480000
chr4	4619	184720000	4629	185160000	domain	440000
chr4	4630	185160000	4635	185400000	boundary	240000
chr4	4636	185400000	4640	185600000	domain	200000
chr4	4641	185600000	4656	186240000	domain	640000
chr4	4657	186240000	4665	186600000	domain	360000
chr4	4666	186600000	4691	187640000	domain	1040000
chr4	4692	187640000	4740	189600000	domain	1960000
chr4	4741	189600000	4744	189760000	gap	160000
chr4	4745	189760000	4748	189920000	domain	160000
chr4	4749	189920000	4755	190200000	gap	280000
