chr	from.id	from.coord	to.id	to.coord	tag	size
chr2	1	0	5	200000	domain	200000
chr2	6	200000	13	520000	domain	320000
chr2	14	520000	17	680000	boundary	160000
chr2	18	680000	23	920000	boundary	240000
chr2	24	920000	46	1840000	domain	920000
chr2	47	1840000	58	2320000	domain	480000
chr2	59	2320000	84	3360000	domain	1040000
chr2	85	3360000	92	3680000	domain	320000
chr2	93	3680000	96	3840000	boundary	160000
chr2	97	3840000	171	6840000	domain	3000000
chr2	172	6840000	177	7080000	domain	240000
chr2	178	7080000	218	8720000	domain	1640000
chr2	219	8720000	236	9440000	domain	720000
chr2	237	9440000	245	9800000	boundary	360000
chr2	246	9800000	252	10080000	boundary	280000
chr2	253	10080000	268	10720000	domain	640000
chr2	269	10720000	279	11160000	domain	440000
chr2	280	11160000	292	11680000	domain	520000
chr2	293	11680000	295	11800000	boundary	120000
chr2	296	11800000	334	13360000	domain	1560000
chr2	335	13360000	335	13400000	gap	40000
chr2	336	13400000	390	15600000	domain	2200000
chr2	391	15600000	413	16520000	domain	920000
chr2	414	16520000	442	17680000	domain	1160000
chr2	443	17680000	460	18400000	domain	720000
chr2	461	18400000	497	19880000	domain	1480000
chr2	498	19880000	509	20360000	domain	480000
chr2	510	20360000	516	20640000	domain	280000
chr2	517	20640000	525	21000000	domain	360000
chr2	526	21000000	529	21160000	domain	160000
chr2	530	21160000	584	23360000	domain	2200000
chr2	585	23360000	595	23800000	domain	440000
chr2	596	23800000	606	24240000	domain	440000
chr2	607	24240000	610	24400000	boundary	160000
chr2	611	24400000	624	24960000	domain	560000
chr2	625	24960000	631	25240000	domain	280000
chr2	632	25240000	646	25840000	domain	600000
chr2	647	25840000	662	26480000	domain	640000
chr2	663	26480000	670	26800000	domain	320000
chr2	671	26800000	674	26960000	boundary	160000
chr2	675	26960000	685	27400000	domain	440000
chr2	686	27400000	692	27680000	boundary	280000
chr2	693	27680000	713	28520000	domain	840000
chr2	714	28520000	724	28960000	domain	440000
chr2	725	28960000	731	29240000	domain	280000
chr2	732	29240000	753	30120000	domain	880000
chr2	754	30120000	768	30720000	domain	600000
chr2	769	30720000	784	31360000	domain	640000
chr2	785	31360000	796	31840000	domain	480000
chr2	797	31840000	816	32640000	domain	800000
chr2	817	32640000	841	33640000	domain	1000000
chr2	842	33640000	908	36320000	domain	2680000
chr2	909	36320000	919	36760000	domain	440000
chr2	920	36760000	933	37320000	domain	560000
chr2	934	37320000	948	37920000	domain	600000
chr2	949	37920000	957	38280000	domain	360000
chr2	958	38280000	963	38520000	domain	240000
chr2	964	38520000	970	38800000	domain	280000
chr2	971	38800000	983	39320000	domain	520000
chr2	984	39320000	995	39800000	domain	480000
chr2	996	39800000	1045	41800000	domain	2000000
chr2	1046	41800000	1052	42080000	domain	280000
chr2	1053	42080000	1059	42360000	domain	280000
chr2	1060	42360000	1070	42800000	domain	440000
chr2	1071	42800000	1090	43600000	domain	800000
chr2	1091	43600000	1100	44000000	domain	400000
chr2	1101	44000000	1110	44400000	domain	400000
chr2	1111	44400000	1124	44960000	domain	560000
chr2	1125	44960000	1140	45600000	domain	640000
chr2	1141	45600000	1149	45960000	domain	360000
chr2	1150	45960000	1162	46480000	domain	520000
chr2	1163	46480000	1173	46920000	domain	440000
chr2	1174	46920000	1185	47400000	domain	480000
chr2	1186	47400000	1211	48440000	domain	1040000
chr2	1212	48440000	1215	48600000	boundary	160000
chr2	1216	48600000	1239	49560000	domain	960000
chr2	1240	49560000	1263	50520000	domain	960000
chr2	1264	50520000	1291	51640000	domain	1120000
chr2	1292	51640000	1305	52200000	domain	560000
chr2	1306	52200000	1310	52400000	boundary	200000
chr2	1311	52400000	1312	52480000	boundary	80000
chr2	1313	52480000	1335	53400000	domain	920000
chr2	1336	53400000	1345	53800000	domain	400000
chr2	1346	53800000	1368	54720000	domain	920000
chr2	1369	54720000	1381	55240000	domain	520000
chr2	1382	55240000	1391	55640000	domain	400000
chr2	1392	55640000	1404	56160000	domain	520000
chr2	1405	56160000	1419	56760000	domain	600000
chr2	1420	56760000	1421	56840000	boundary	80000
chr2	1422	56840000	1441	57640000	domain	800000
chr2	1442	57640000	1464	58560000	domain	920000
chr2	1465	58560000	1482	59280000	domain	720000
chr2	1483	59280000	1484	59360000	boundary	80000
chr2	1485	59360000	1517	60680000	domain	1320000
chr2	1518	60680000	1525	61000000	domain	320000
chr2	1526	61000000	1547	61880000	domain	880000
chr2	1548	61880000	1561	62440000	domain	560000
chr2	1562	62440000	1592	63680000	domain	1240000
chr2	1593	63680000	1597	63880000	domain	200000
chr2	1598	63880000	1622	64880000	domain	1000000
chr2	1623	64880000	1626	65040000	boundary	160000
chr2	1627	65040000	1630	65200000	boundary	160000
chr2	1631	65200000	1640	65600000	domain	400000
chr2	1641	65600000	1660	66400000	domain	800000
chr2	1661	66400000	1680	67200000	domain	800000
chr2	1681	67200000	1701	68040000	domain	840000
chr2	1702	68040000	1711	68440000	domain	400000
chr2	1712	68440000	1724	68960000	domain	520000
chr2	1725	68960000	1733	69320000	domain	360000
chr2	1734	69320000	1743	69720000	domain	400000
chr2	1744	69720000	1746	69840000	boundary	120000
chr2	1747	69840000	1757	70280000	domain	440000
chr2	1758	70280000	1775	71000000	domain	720000
chr2	1776	71000000	1788	71520000	domain	520000
chr2	1789	71520000	1819	72760000	domain	1240000
chr2	1820	72760000	1822	72880000	boundary	120000
chr2	1823	72880000	1831	73240000	domain	360000
chr2	1832	73240000	1844	73760000	domain	520000
chr2	1845	73760000	1845	73800000	gap	40000
chr2	1846	73800000	1861	74440000	domain	640000
chr2	1862	74440000	1865	74600000	boundary	160000
chr2	1866	74600000	1893	75720000	domain	1120000
chr2	1894	75720000	1904	76160000	domain	440000
chr2	1905	76160000	1916	76640000	domain	480000
chr2	1917	76640000	1922	76880000	domain	240000
chr2	1923	76880000	1924	76960000	boundary	80000
chr2	1925	76960000	1941	77640000	domain	680000
chr2	1942	77640000	1942	77680000	gap	40000
chr2	1943	77680000	1958	78320000	domain	640000
chr2	1959	78320000	1976	79040000	domain	720000
chr2	1977	79040000	1981	79240000	boundary	200000
chr2	1982	79240000	2000	80000000	domain	760000
chr2	2001	80000000	2019	80760000	domain	760000
chr2	2020	80760000	2032	81280000	boundary	520000
chr2	2033	81280000	2047	81880000	domain	600000
chr2	2048	81880000	2081	83240000	domain	1360000
chr2	2082	83240000	2097	83880000	domain	640000
chr2	2098	83880000	2110	84400000	domain	520000
chr2	2111	84400000	2124	84960000	domain	560000
chr2	2125	84960000	2133	85320000	domain	360000
chr2	2134	85320000	2140	85600000	boundary	280000
chr2	2141	85600000	2168	86720000	domain	1120000
chr2	2169	86720000	2200	88000000	gap	1280000
chr2	2201	88000000	2219	88760000	domain	760000
chr2	2220	88760000	2220	88800000	gap	40000
chr2	2221	88800000	2224	88960000	domain	160000
chr2	2225	88960000	2372	94880000	gap	5920000
chr2	2373	94880000	2385	95400000	domain	520000
chr2	2386	95400000	2402	96080000	gap	680000
chr2	2403	96080000	2413	96520000	domain	440000
chr2	2414	96520000	2425	97000000	domain	480000
chr2	2426	97000000	2441	97640000	gap	640000
chr2	2442	97640000	2460	98400000	domain	760000
chr2	2461	98400000	2477	99080000	domain	680000
chr2	2478	99080000	2488	99520000	domain	440000
chr2	2489	99520000	2502	100080000	domain	560000
chr2	2503	100080000	2503	100120000	gap	40000
chr2	2504	100120000	2525	101000000	domain	880000
chr2	2526	101000000	2531	101240000	boundary	240000
chr2	2532	101240000	2549	101960000	domain	720000
chr2	2550	101960000	2562	102480000	domain	520000
chr2	2563	102480000	2571	102840000	boundary	360000
chr2	2572	102840000	2599	103960000	domain	1120000
chr2	2600	103960000	2611	104440000	domain	480000
chr2	2612	104440000	2627	105080000	domain	640000
chr2	2628	105080000	2633	105320000	boundary	240000
chr2	2634	105320000	2639	105560000	boundary	240000
chr2	2640	105560000	2659	106360000	domain	800000
chr2	2660	106360000	2663	106520000	gap	160000
chr2	2664	106520000	2696	107840000	domain	1320000
chr2	2697	107840000	2698	107920000	gap	80000
chr2	2699	107920000	2712	108480000	domain	560000
chr2	2713	108480000	2719	108760000	gap	280000
chr2	2720	108760000	2743	109720000	domain	960000
chr2	2744	109720000	2766	110640000	gap	920000
chr2	2767	110640000	2781	111240000	domain	600000
chr2	2782	111240000	2797	111880000	gap	640000
chr2	2798	111880000	2809	112360000	domain	480000
chr2	2810	112360000	2811	112440000	gap	80000
chr2	2812	112440000	2834	113360000	domain	920000
chr2	2835	113360000	2842	113680000	gap	320000
chr2	2843	113680000	2867	114680000	domain	1000000
chr2	2868	114680000	2896	115840000	domain	1160000
chr2	2897	115840000	2906	116240000	boundary	400000
chr2	2907	116240000	2909	116360000	boundary	120000
chr2	2910	116360000	2921	116840000	boundary	480000
chr2	2922	116840000	2936	117440000	domain	600000
chr2	2937	117440000	2945	117800000	domain	360000
chr2	2946	117800000	2955	118200000	domain	400000
chr2	2956	118200000	2974	118960000	domain	760000
chr2	2975	118960000	2992	119680000	domain	720000
chr2	2993	119680000	3006	120240000	domain	560000
chr2	3007	120240000	3017	120680000	domain	440000
chr2	3018	120680000	3028	121120000	domain	440000
chr2	3029	121120000	3034	121360000	domain	240000
chr2	3035	121360000	3044	121760000	domain	400000
chr2	3045	121760000	3100	124000000	domain	2240000
chr2	3101	124000000	3123	124920000	domain	920000
chr2	3124	124920000	3138	125520000	domain	600000
chr2	3139	125520000	3176	127040000	domain	1520000
chr2	3177	127040000	3188	127520000	domain	480000
chr2	3189	127520000	3193	127720000	boundary	200000
chr2	3194	127720000	3205	128200000	domain	480000
chr2	3206	128200000	3219	128760000	domain	560000
chr2	3220	128760000	3233	129320000	domain	560000
chr2	3234	129320000	3250	130000000	domain	680000
chr2	3251	130000000	3256	130240000	gap	240000
chr2	3257	130240000	3260	130400000	domain	160000
chr2	3261	130400000	3268	130720000	gap	320000
chr2	3269	130720000	3279	131160000	domain	440000
chr2	3280	131160000	3309	132360000	gap	1200000
chr2	3310	132360000	3331	133240000	domain	880000
chr2	3332	133240000	3347	133880000	domain	640000
chr2	3348	133880000	3361	134440000	domain	560000
chr2	3362	134440000	3373	134920000	domain	480000
chr2	3374	134920000	3396	135840000	domain	920000
chr2	3397	135840000	3410	136400000	domain	560000
chr2	3411	136400000	3436	137440000	domain	1040000
chr2	3437	137440000	3447	137880000	domain	440000
chr2	3448	137880000	3471	138840000	domain	960000
chr2	3472	138840000	3493	139720000	domain	880000
chr2	3494	139720000	3495	139800000	boundary	80000
chr2	3496	139800000	3514	140560000	domain	760000
chr2	3515	140560000	3550	142000000	domain	1440000
chr2	3551	142000000	3554	142160000	boundary	160000
chr2	3555	142160000	3576	143040000	domain	880000
chr2	3577	143040000	3637	145480000	domain	2440000
chr2	3638	145480000	3667	146680000	domain	1200000
chr2	3668	146680000	3698	147920000	domain	1240000
chr2	3699	147920000	3714	148560000	domain	640000
chr2	3715	148560000	3725	149000000	domain	440000
chr2	3726	149000000	3740	149600000	domain	600000
chr2	3741	149600000	3789	151560000	domain	1960000
chr2	3790	151560000	3790	151600000	gap	40000
chr2	3791	151600000	3801	152040000	domain	440000
chr2	3802	152040000	3804	152160000	boundary	120000
chr2	3805	152160000	3825	153000000	domain	840000
chr2	3826	153000000	3826	153040000	gap	40000
chr2	3827	153040000	3840	153600000	domain	560000
chr2	3841	153600000	3843	153720000	boundary	120000
chr2	3844	153720000	3860	154400000	domain	680000
chr2	3861	154400000	3883	155320000	domain	920000
chr2	3884	155320000	3932	157280000	domain	1960000
chr2	3933	157280000	3951	158040000	domain	760000
chr2	3952	158040000	3970	158800000	domain	760000
chr2	3971	158800000	4002	160080000	domain	1280000
chr2	4003	160080000	4006	160240000	domain	160000
chr2	4007	160240000	4028	161120000	domain	880000
chr2	4029	161120000	4050	162000000	domain	880000
chr2	4051	162000000	4054	162160000	domain	160000
chr2	4055	162160000	4059	162360000	domain	200000
chr2	4060	162360000	4072	162880000	domain	520000
chr2	4073	162880000	4079	163160000	domain	280000
chr2	4080	163160000	4114	164560000	domain	1400000
chr2	4115	164560000	4125	165000000	domain	440000
chr2	4126	165000000	4149	165960000	domain	960000
chr2	4150	165960000	4155	166200000	domain	240000
chr2	4156	166200000	4167	166680000	domain	480000
chr2	4168	166680000	4168	166720000	gap	40000
chr2	4169	166720000	4181	167240000	domain	520000
chr2	4182	167240000	4203	168120000	domain	880000
chr2	4204	168120000	4208	168320000	boundary	200000
chr2	4209	168320000	4220	168800000	domain	480000
chr2	4221	168800000	4231	169240000	domain	440000
chr2	4232	169240000	4232	169280000	gap	40000
chr2	4233	169280000	4240	169600000	domain	320000
chr2	4241	169600000	4241	169640000	gap	40000
chr2	4242	169640000	4255	170200000	domain	560000
chr2	4256	170200000	4273	170920000	domain	720000
chr2	4274	170920000	4289	171560000	domain	640000
chr2	4290	171560000	4303	172120000	domain	560000
chr2	4304	172120000	4319	172760000	domain	640000
chr2	4320	172760000	4335	173400000	domain	640000
chr2	4336	173400000	4360	174400000	domain	1000000
chr2	4361	174400000	4380	175200000	domain	800000
chr2	4381	175200000	4382	175280000	boundary	80000
chr2	4383	175280000	4403	176120000	domain	840000
chr2	4404	176120000	4416	176640000	domain	520000
chr2	4417	176640000	4429	177160000	domain	520000
chr2	4430	177160000	4445	177800000	domain	640000
chr2	4446	177800000	4466	178640000	domain	840000
chr2	4467	178640000	4467	178680000	gap	40000
chr2	4468	178680000	4496	179840000	domain	1160000
chr2	4497	179840000	4502	180080000	boundary	240000
chr2	4503	180080000	4527	181080000	domain	1000000
chr2	4528	181080000	4543	181720000	domain	640000
chr2	4544	181720000	4553	182120000	domain	400000
chr2	4554	182120000	4568	182720000	domain	600000
chr2	4569	182720000	4579	183160000	domain	440000
chr2	4580	183160000	4581	183240000	boundary	80000
chr2	4582	183240000	4609	184360000	domain	1120000
chr2	4610	184360000	4618	184720000	domain	360000
chr2	4619	184720000	4629	185160000	domain	440000
chr2	4630	185160000	4670	186800000	domain	1640000
chr2	4671	186800000	4686	187440000	domain	640000
chr2	4687	187440000	4713	188520000	domain	1080000
chr2	4714	188520000	4727	189080000	domain	560000
chr2	4728	189080000	4736	189440000	domain	360000
chr2	4737	189440000	4741	189640000	boundary	200000
chr2	4742	189640000	4770	190800000	domain	1160000
chr2	4771	190800000	4776	191040000	domain	240000
chr2	4777	191040000	4789	191560000	domain	520000
chr2	4790	191560000	4793	191720000	boundary	160000
chr2	4794	191720000	4805	192200000	domain	480000
chr2	4806	192200000	4849	193960000	domain	1760000
chr2	4850	193960000	4883	195320000	domain	1360000
chr2	4884	195320000	4901	196040000	domain	720000
chr2	4902	196040000	4919	196760000	domain	720000
chr2	4920	196760000	4935	197400000	domain	640000
chr2	4936	197400000	4945	197800000	domain	400000
chr2	4946	197800000	4958	198320000	domain	520000
chr2	4959	198320000	4998	199920000	domain	1600000
chr2	4999	199920000	5014	200560000	domain	640000
chr2	5015	200560000	5018	200720000	boundary	160000
chr2	5019	200720000	5022	200880000	boundary	160000
chr2	5023	200880000	5044	201760000	domain	880000
chr2	5045	201760000	5056	202240000	domain	480000
chr2	5057	202240000	5085	203400000	domain	1160000
chr2	5086	203400000	5099	203960000	domain	560000
chr2	5100	203960000	5107	204280000	domain	320000
chr2	5108	204280000	5119	204760000	domain	480000
chr2	5120	204760000	5144	205760000	domain	1000000
chr2	5145	205760000	5149	205960000	boundary	200000
chr2	5150	205960000	5154	206160000	boundary	200000
chr2	5155	206160000	5167	206680000	domain	520000
chr2	5168	206680000	5188	207520000	domain	840000
chr2	5189	207520000	5203	208120000	domain	600000
chr2	5204	208120000	5209	208360000	boundary	240000
chr2	5210	208360000	5220	208800000	domain	440000
chr2	5221	208800000	5221	208840000	gap	40000
chr2	5222	208840000	5233	209320000	domain	480000
chr2	5234	209320000	5249	209960000	domain	640000
chr2	5250	209960000	5256	210240000	domain	280000
chr2	5257	210240000	5262	210480000	domain	240000
chr2	5263	210480000	5276	211040000	domain	560000
chr2	5277	211040000	5292	211680000	domain	640000
chr2	5293	211680000	5316	212640000	domain	960000
chr2	5317	212640000	5331	213240000	domain	600000
chr2	5332	213240000	5383	215320000	domain	2080000
chr2	5384	215320000	5401	216040000	domain	720000
chr2	5402	216040000	5412	216480000	domain	440000
chr2	5413	216480000	5417	216680000	boundary	200000
chr2	5418	216680000	5444	217760000	domain	1080000
chr2	5445	217760000	5454	218160000	domain	400000
chr2	5455	218160000	5468	218720000	domain	560000
chr2	5469	218720000	5474	218960000	boundary	240000
chr2	5475	218960000	5479	219160000	boundary	200000
chr2	5480	219160000	5485	219400000	boundary	240000
chr2	5486	219400000	5492	219680000	boundary	280000
chr2	5493	219680000	5540	221600000	domain	1920000
chr2	5541	221600000	5550	222000000	domain	400000
chr2	5551	222000000	5566	222640000	domain	640000
chr2	5567	222640000	5574	222960000	domain	320000
chr2	5575	222960000	5592	223680000	domain	720000
chr2	5593	223680000	5599	223960000	boundary	280000
chr2	5600	223960000	5627	225080000	domain	1120000
chr2	5628	225080000	5642	225680000	domain	600000
chr2	5643	225680000	5670	226800000	domain	1120000
chr2	5671	226800000	5676	227040000	boundary	240000
chr2	5677	227040000	5678	227120000	boundary	80000
chr2	5679	227120000	5683	227320000	domain	200000
chr2	5684	227320000	5697	227880000	domain	560000
chr2	5698	227880000	5717	228680000	domain	800000
chr2	5718	228680000	5743	229720000	domain	1040000
chr2	5744	229720000	5767	230680000	domain	960000
chr2	5768	230680000	5771	230840000	boundary	160000
chr2	5772	230840000	5776	231040000	boundary	200000
chr2	5777	231040000	5790	231600000	domain	560000
chr2	5791	231600000	5795	231800000	boundary	200000
chr2	5796	231800000	5814	232560000	domain	760000
chr2	5815	232560000	5831	233240000	domain	680000
chr2	5832	233240000	5849	233960000	domain	720000
chr2	5850	233960000	5863	234520000	domain	560000
chr2	5864	234520000	5878	235120000	domain	600000
chr2	5879	235120000	5894	235760000	domain	640000
chr2	5895	235760000	5907	236280000	domain	520000
chr2	5908	236280000	5927	237080000	domain	800000
chr2	5928	237080000	5937	237480000	domain	400000
chr2	5938	237480000	5940	237600000	boundary	120000
chr2	5941	237600000	5944	237760000	boundary	160000
chr2	5945	237760000	5958	238320000	domain	560000
chr2	5959	238320000	5975	239000000	domain	680000
chr2	5976	239000000	5985	239400000	domain	400000
chr2	5986	239400000	6001	240040000	domain	640000
chr2	6002	240040000	6004	240160000	boundary	120000
chr2	6005	240160000	6017	240680000	domain	520000
chr2	6018	240680000	6018	240720000	gap	40000
chr2	6019	240720000	6024	240960000	domain	240000
chr2	6025	240960000	6025	241000000	gap	40000
chr2	6026	241000000	6052	242080000	domain	1080000
chr2	6053	242080000	6055	242193529	gap	113529
