chr	from.id	from.coord	to.id	to.coord	tag	size
chr13	1	16000000	73	18920000	gap	2920000
chr13	74	18920000	80	19200000	domain	280000
chr13	81	19200000	89	19560000	gap	360000
chr13	90	19560000	104	20160000	domain	600000
chr13	105	20160000	123	20920000	domain	760000
chr13	124	20920000	140	21600000	domain	680000
chr13	141	21600000	173	22920000	domain	1320000
chr13	174	22920000	174	22960000	gap	40000
chr13	175	22960000	198	23920000	domain	960000
chr13	199	23920000	209	24360000	domain	440000
chr13	210	24360000	210	24400000	gap	40000
chr13	211	24400000	214	24560000	domain	160000
chr13	215	24560000	215	24600000	gap	40000
chr13	216	24600000	231	25240000	domain	640000
chr13	232	25240000	233	25320000	boundary	80000
chr13	234	25320000	253	26120000	domain	800000
chr13	254	26120000	273	26920000	domain	800000
chr13	274	26920000	284	27360000	domain	440000
chr13	285	27360000	300	28000000	domain	640000
chr13	301	28000000	320	28800000	domain	800000
chr13	321	28800000	337	29480000	domain	680000
chr13	338	29480000	353	30120000	domain	640000
chr13	354	30120000	366	30640000	domain	520000
chr13	367	30640000	379	31160000	domain	520000
chr13	380	31160000	396	31840000	domain	680000
chr13	397	31840000	409	32360000	domain	520000
chr13	410	32360000	444	33760000	domain	1400000
chr13	445	33760000	479	35160000	domain	1400000
chr13	480	35160000	499	35960000	domain	800000
chr13	500	35960000	510	36400000	domain	440000
chr13	511	36400000	521	36840000	domain	440000
chr13	522	36840000	527	37080000	boundary	240000
chr13	528	37080000	541	37640000	domain	560000
chr13	542	37640000	566	38640000	domain	1000000
chr13	567	38640000	575	39000000	domain	360000
chr13	576	39000000	592	39680000	domain	680000
chr13	593	39680000	619	40760000	domain	1080000
chr13	620	40760000	633	41320000	domain	560000
chr13	634	41320000	657	42280000	domain	960000
chr13	658	42280000	664	42560000	domain	280000
chr13	665	42560000	697	43880000	domain	1320000
chr13	698	43880000	712	44480000	domain	600000
chr13	713	44480000	725	45000000	domain	520000
chr13	726	45000000	734	45360000	domain	360000
chr13	735	45360000	738	45520000	boundary	160000
chr13	739	45520000	760	46400000	domain	880000
chr13	761	46400000	762	46480000	gap	80000
chr13	763	46480000	799	47960000	domain	1480000
chr13	800	47960000	820	48800000	domain	840000
chr13	821	48800000	832	49280000	domain	480000
chr13	833	49280000	841	49640000	domain	360000
chr13	842	49640000	848	49920000	domain	280000
chr13	849	49920000	852	50080000	boundary	160000
chr13	853	50080000	877	51080000	domain	1000000
chr13	878	51080000	905	52200000	domain	1120000
chr13	906	52200000	908	52320000	gap	120000
chr13	909	52320000	912	52480000	domain	160000
chr13	913	52480000	915	52600000	gap	120000
chr13	916	52600000	931	53240000	domain	640000
chr13	932	53240000	945	53800000	domain	560000
chr13	946	53800000	961	54440000	domain	640000
chr13	962	54440000	982	55280000	domain	840000
chr13	983	55280000	997	55880000	domain	600000
chr13	998	55880000	998	55920000	gap	40000
chr13	999	55920000	1013	56520000	domain	600000
chr13	1014	56520000	1028	57120000	domain	600000
chr13	1029	57120000	1030	57200000	gap	80000
chr13	1031	57200000	1048	57920000	domain	720000
chr13	1049	57920000	1050	58000000	boundary	80000
chr13	1051	58000000	1060	58400000	boundary	400000
chr13	1061	58400000	1078	59120000	boundary	720000
chr13	1079	59120000	1083	59320000	boundary	200000
chr13	1084	59320000	1092	59680000	domain	360000
chr13	1093	59680000	1111	60440000	domain	760000
chr13	1112	60440000	1116	60640000	boundary	200000
chr13	1117	60640000	1150	62000000	domain	1360000
chr13	1151	62000000	1160	62400000	domain	400000
chr13	1161	62400000	1178	63120000	domain	720000
chr13	1179	63120000	1193	63720000	domain	600000
chr13	1194	63720000	1196	63840000	gap	120000
chr13	1197	63840000	1212	64480000	domain	640000
chr13	1213	64480000	1241	65640000	domain	1160000
chr13	1242	65640000	1282	67280000	domain	1640000
chr13	1283	67280000	1307	68280000	domain	1000000
chr13	1308	68280000	1323	68920000	domain	640000
chr13	1324	68920000	1337	69480000	domain	560000
chr13	1338	69480000	1365	70600000	domain	1120000
chr13	1366	70600000	1381	71240000	domain	640000
chr13	1382	71240000	1397	71880000	domain	640000
chr13	1398	71880000	1418	72720000	domain	840000
chr13	1419	72720000	1443	73720000	domain	1000000
chr13	1444	73720000	1481	75240000	domain	1520000
chr13	1482	75240000	1492	75680000	domain	440000
chr13	1493	75680000	1497	75880000	boundary	200000
chr13	1498	75880000	1512	76480000	domain	600000
chr13	1513	76480000	1524	76960000	domain	480000
chr13	1525	76960000	1540	77600000	domain	640000
chr13	1541	77600000	1554	78160000	domain	560000
chr13	1555	78160000	1576	79040000	domain	880000
chr13	1577	79040000	1583	79320000	boundary	280000
chr13	1584	79320000	1592	79680000	domain	360000
chr13	1593	79680000	1610	80400000	domain	720000
chr13	1611	80400000	1624	80960000	domain	560000
chr13	1625	80960000	1647	81880000	domain	920000
chr13	1648	81880000	1659	82360000	domain	480000
chr13	1660	82360000	1682	83280000	domain	920000
chr13	1683	83280000	1696	83840000	domain	560000
chr13	1697	83840000	1698	83920000	boundary	80000
chr13	1699	83920000	1722	84880000	domain	960000
chr13	1723	84880000	1755	86200000	domain	1320000
chr13	1756	86200000	1757	86280000	gap	80000
chr13	1758	86280000	1770	86800000	domain	520000
chr13	1771	86800000	1782	87280000	domain	480000
chr13	1783	87280000	1795	87800000	domain	520000
chr13	1796	87800000	1827	89080000	domain	1280000
chr13	1828	89080000	1843	89720000	domain	640000
chr13	1844	89720000	1877	91080000	domain	1360000
chr13	1878	91080000	1882	91280000	boundary	200000
chr13	1883	91280000	1896	91840000	domain	560000
chr13	1897	91840000	1903	92120000	boundary	280000
chr13	1904	92120000	1923	92920000	domain	800000
chr13	1924	92920000	1960	94400000	domain	1480000
chr13	1961	94400000	1975	95000000	domain	600000
chr13	1976	95000000	1987	95480000	domain	480000
chr13	1988	95480000	1991	95640000	boundary	160000
chr13	1992	95640000	2000	96000000	domain	360000
chr13	2001	96000000	2026	97040000	domain	1040000
chr13	2027	97040000	2037	97480000	domain	440000
chr13	2038	97480000	2046	97840000	domain	360000
chr13	2047	97840000	2071	98840000	domain	1000000
chr13	2072	98840000	2077	99080000	domain	240000
chr13	2078	99080000	2091	99640000	domain	560000
chr13	2092	99640000	2114	100560000	domain	920000
chr13	2115	100560000	2129	101160000	domain	600000
chr13	2130	101160000	2148	101920000	domain	760000
chr13	2149	101920000	2164	102560000	domain	640000
chr13	2165	102560000	2173	102920000	domain	360000
chr13	2174	102920000	2196	103840000	domain	920000
chr13	2197	103840000	2263	106520000	domain	2680000
chr13	2264	106520000	2279	107160000	domain	640000
chr13	2280	107160000	2305	108200000	domain	1040000
chr13	2306	108200000	2323	108920000	domain	720000
chr13	2324	108920000	2345	109800000	domain	880000
chr13	2346	109800000	2354	110160000	domain	360000
chr13	2355	110160000	2361	110440000	domain	280000
chr13	2362	110440000	2364	110560000	boundary	120000
chr13	2365	110560000	2373	110920000	domain	360000
chr13	2374	110920000	2376	111040000	boundary	120000
chr13	2377	111040000	2392	111680000	domain	640000
chr13	2393	111680000	2396	111840000	gap	160000
chr13	2397	111840000	2407	112280000	domain	440000
chr13	2408	112280000	2408	112320000	gap	40000
chr13	2409	112320000	2422	112880000	domain	560000
chr13	2423	112880000	2442	113680000	domain	800000
chr13	2443	113680000	2442	113680000	gap	0
chr13	2443	113680000	2443	113720000	gap	40000
chr13	2444	113720000	2453	114120000	domain	400000
chr13	2454	114120000	2459	114360000	domain	240000
