chr	from.id	from.coord	to.id	to.coord	tag	size
chr1	1	40000	21	880000	gap	840000
chr1	22	880000	25	1040000	domain	160000
chr1	26	1040000	26	1080000	gap	40000
chr1	27	1080000	31	1280000	domain	200000
chr1	32	1280000	43	1760000	gap	480000
chr1	44	1760000	56	2280000	domain	520000
chr1	57	2280000	57	2320000	gap	40000
chr1	58	2320000	65	2640000	domain	320000
chr1	66	2640000	68	2760000	gap	120000
chr1	69	2760000	88	3560000	domain	800000
chr1	89	3560000	89	3600000	gap	40000
chr1	90	3600000	114	4600000	domain	1000000
chr1	115	4600000	149	6000000	domain	1400000
chr1	150	6000000	161	6480000	domain	480000
chr1	162	6480000	166	6680000	boundary	200000
chr1	167	6680000	190	7640000	domain	960000
chr1	191	7640000	198	7960000	boundary	320000
chr1	199	7960000	208	8360000	domain	400000
chr1	209	8360000	221	8880000	domain	520000
chr1	222	8880000	229	9200000	boundary	320000
chr1	230	9200000	239	9600000	domain	400000
chr1	240	9600000	261	10480000	domain	880000
chr1	262	10480000	274	11000000	domain	520000
chr1	275	11000000	300	12040000	domain	1040000
chr1	301	12040000	305	12240000	boundary	200000
chr1	306	12240000	320	12840000	domain	600000
chr1	321	12840000	333	13360000	gap	520000
chr1	334	13360000	348	13960000	domain	600000
chr1	349	13960000	376	15080000	domain	1120000
chr1	377	15080000	382	15320000	domain	240000
chr1	383	15320000	387	15520000	boundary	200000
chr1	388	15520000	393	15760000	boundary	240000
chr1	394	15760000	411	16480000	domain	720000
chr1	412	16480000	422	16920000	gap	440000
chr1	423	16920000	434	17400000	domain	480000
chr1	435	17400000	464	18600000	domain	1200000
chr1	465	18600000	471	18880000	boundary	280000
chr1	472	18880000	477	19120000	boundary	240000
chr1	478	19120000	493	19760000	domain	640000
chr1	494	19760000	496	19880000	boundary	120000
chr1	497	19880000	516	20680000	domain	800000
chr1	517	20680000	529	21200000	domain	520000
chr1	530	21200000	541	21680000	domain	480000
chr1	542	21680000	549	22000000	domain	320000
chr1	550	22000000	573	22960000	domain	960000
chr1	574	22960000	581	23280000	domain	320000
chr1	582	23280000	586	23480000	boundary	200000
chr1	587	23480000	591	23680000	boundary	200000
chr1	592	23680000	593	23760000	boundary	80000
chr1	594	23760000	600	24040000	boundary	280000
chr1	601	24040000	615	24640000	domain	600000
chr1	616	24640000	620	24840000	domain	200000
chr1	621	24840000	633	25360000	domain	520000
chr1	634	25360000	634	25400000	gap	40000
chr1	635	25400000	645	25840000	domain	440000
chr1	646	25840000	649	26000000	boundary	160000
chr1	650	26000000	653	26160000	boundary	160000
chr1	654	26160000	660	26440000	boundary	280000
chr1	661	26440000	672	26920000	domain	480000
chr1	673	26920000	692	27720000	domain	800000
chr1	693	27720000	705	28240000	domain	520000
chr1	706	28240000	730	29240000	domain	1000000
chr1	731	29240000	767	30720000	domain	1480000
chr1	768	30720000	772	30920000	boundary	200000
chr1	773	30920000	778	31160000	domain	240000
chr1	779	31160000	785	31440000	domain	280000
chr1	786	31440000	788	31560000	boundary	120000
chr1	789	31560000	801	32080000	domain	520000
chr1	802	32080000	809	32400000	domain	320000
chr1	810	32400000	821	32880000	domain	480000
chr1	822	32880000	827	33120000	domain	240000
chr1	828	33120000	840	33640000	domain	520000
chr1	841	33640000	868	34760000	domain	1120000
chr1	869	34760000	895	35840000	domain	1080000
chr1	896	35840000	901	36080000	boundary	240000
chr1	902	36080000	911	36480000	domain	400000
chr1	912	36480000	935	37440000	domain	960000
chr1	936	37440000	946	37880000	domain	440000
chr1	947	37880000	949	38000000	boundary	120000
chr1	950	38000000	970	38840000	domain	840000
chr1	971	38840000	989	39600000	domain	760000
chr1	990	39600000	994	39800000	boundary	200000
chr1	995	39800000	1000	40040000	boundary	240000
chr1	1001	40040000	1013	40560000	domain	520000
chr1	1014	40560000	1020	40840000	domain	280000
chr1	1021	40840000	1024	41000000	boundary	160000
chr1	1025	41000000	1030	41240000	boundary	240000
chr1	1031	41240000	1037	41520000	domain	280000
chr1	1038	41520000	1052	42120000	domain	600000
chr1	1053	42120000	1068	42760000	domain	640000
chr1	1069	42760000	1078	43160000	domain	400000
chr1	1079	43160000	1101	44080000	domain	920000
chr1	1102	44080000	1117	44720000	domain	640000
chr1	1118	44720000	1132	45320000	domain	600000
chr1	1133	45320000	1137	45520000	boundary	200000
chr1	1138	45520000	1171	46880000	domain	1360000
chr1	1172	46880000	1172	46920000	gap	40000
chr1	1173	46920000	1176	47080000	domain	160000
chr1	1177	47080000	1177	47120000	gap	40000
chr1	1178	47120000	1201	48080000	domain	960000
chr1	1202	48080000	1205	48240000	boundary	160000
chr1	1206	48240000	1213	48560000	domain	320000
chr1	1214	48560000	1221	48880000	domain	320000
chr1	1222	48880000	1226	49080000	boundary	200000
chr1	1227	49080000	1258	50360000	domain	1280000
chr1	1259	50360000	1280	51240000	domain	880000
chr1	1281	51240000	1296	51880000	domain	640000
chr1	1297	51880000	1300	52040000	boundary	160000
chr1	1301	52040000	1318	52760000	domain	720000
chr1	1319	52760000	1330	53240000	domain	480000
chr1	1331	53240000	1334	53400000	boundary	160000
chr1	1335	53400000	1345	53840000	domain	440000
chr1	1346	53840000	1348	53960000	boundary	120000
chr1	1349	53960000	1372	54920000	domain	960000
chr1	1373	54920000	1375	55040000	boundary	120000
chr1	1376	55040000	1381	55280000	boundary	240000
chr1	1382	55280000	1420	56840000	domain	1560000
chr1	1421	56840000	1453	58160000	domain	1320000
chr1	1454	58160000	1461	58480000	domain	320000
chr1	1462	58480000	1466	58680000	boundary	200000
chr1	1467	58680000	1495	59840000	domain	1160000
chr1	1496	59840000	1498	59960000	boundary	120000
chr1	1499	59960000	1523	60960000	domain	1000000
chr1	1524	60960000	1546	61880000	domain	920000
chr1	1547	61880000	1552	62120000	boundary	240000
chr1	1553	62120000	1560	62440000	domain	320000
chr1	1561	62440000	1569	62800000	domain	360000
chr1	1570	62800000	1588	63560000	domain	760000
chr1	1589	63560000	1605	64240000	domain	680000
chr1	1606	64240000	1617	64720000	domain	480000
chr1	1618	64720000	1620	64840000	boundary	120000
chr1	1621	64840000	1630	65240000	domain	400000
chr1	1631	65240000	1668	66760000	domain	1520000
chr1	1669	66760000	1679	67200000	domain	440000
chr1	1680	67200000	1687	67520000	domain	320000
chr1	1688	67520000	1693	67760000	domain	240000
chr1	1694	67760000	1710	68440000	domain	680000
chr1	1711	68440000	1751	70080000	domain	1640000
chr1	1752	70080000	1762	70520000	domain	440000
chr1	1763	70520000	1776	71080000	domain	560000
chr1	1777	71080000	1788	71560000	domain	480000
chr1	1789	71560000	1807	72320000	domain	760000
chr1	1808	72320000	1808	72360000	gap	40000
chr1	1809	72360000	1848	73960000	domain	1600000
chr1	1849	73960000	1868	74760000	domain	800000
chr1	1869	74760000	1879	75200000	domain	440000
chr1	1880	75200000	1897	75920000	domain	720000
chr1	1898	75920000	1934	77400000	domain	1480000
chr1	1935	77400000	1935	77440000	gap	40000
chr1	1936	77440000	1954	78200000	domain	760000
chr1	1955	78200000	1957	78320000	gap	120000
chr1	1958	78320000	1961	78480000	domain	160000
chr1	1962	78480000	1964	78600000	gap	120000
chr1	1965	78600000	1985	79440000	domain	840000
chr1	1986	79440000	1995	79840000	gap	400000
chr1	1996	79840000	2000	80040000	domain	200000
chr1	2001	80040000	2001	80080000	gap	40000
chr1	2002	80080000	2031	81280000	domain	1200000
chr1	2032	81280000	2077	83120000	domain	1840000
chr1	2078	83120000	2086	83480000	gap	360000
chr1	2087	83480000	2126	85080000	domain	1600000
chr1	2127	85080000	2131	85280000	boundary	200000
chr1	2132	85280000	2142	85720000	domain	440000
chr1	2143	85720000	2147	85920000	domain	200000
chr1	2148	85920000	2157	86320000	domain	400000
chr1	2158	86320000	2168	86760000	domain	440000
chr1	2169	86760000	2177	87120000	domain	360000
chr1	2178	87120000	2201	88080000	domain	960000
chr1	2202	88080000	2215	88640000	domain	560000
chr1	2216	88640000	2222	88920000	boundary	280000
chr1	2223	88920000	2236	89480000	domain	560000
chr1	2237	89480000	2250	90040000	domain	560000
chr1	2251	90040000	2263	90560000	domain	520000
chr1	2264	90560000	2266	90680000	boundary	120000
chr1	2267	90680000	2281	91280000	domain	600000
chr1	2282	91280000	2285	91440000	boundary	160000
chr1	2286	91440000	2298	91960000	domain	520000
chr1	2299	91960000	2317	92720000	domain	760000
chr1	2318	92720000	2320	92840000	boundary	120000
chr1	2321	92840000	2324	93000000	boundary	160000
chr1	2325	93000000	2326	93080000	boundary	80000
chr1	2327	93080000	2346	93880000	domain	800000
chr1	2347	93880000	2361	94480000	domain	600000
chr1	2362	94480000	2370	94840000	domain	360000
chr1	2371	94840000	2376	95080000	boundary	240000
chr1	2377	95080000	2381	95280000	boundary	200000
chr1	2382	95280000	2404	96200000	domain	920000
chr1	2405	96200000	2423	96960000	domain	760000
chr1	2424	96960000	2450	98040000	domain	1080000
chr1	2451	98040000	2462	98520000	domain	480000
chr1	2463	98520000	2477	99120000	domain	600000
chr1	2478	99120000	2493	99760000	domain	640000
chr1	2494	99760000	2510	100440000	domain	680000
chr1	2511	100440000	2521	100880000	domain	440000
chr1	2522	100880000	2534	101400000	domain	520000
chr1	2535	101400000	2559	102400000	domain	1000000
chr1	2560	102400000	2572	102920000	domain	520000
chr1	2573	102920000	2576	103080000	gap	160000
chr1	2577	103080000	2589	103600000	domain	520000
chr1	2590	103600000	2600	104040000	gap	440000
chr1	2601	104040000	2615	104640000	domain	600000
chr1	2616	104640000	2616	104680000	gap	40000
chr1	2617	104680000	2620	104840000	domain	160000
chr1	2621	104840000	2621	104880000	gap	40000
chr1	2622	104880000	2642	105720000	domain	840000
chr1	2643	105720000	2643	105760000	gap	40000
chr1	2644	105760000	2678	107160000	domain	1400000
chr1	2679	107160000	2693	107760000	domain	600000
chr1	2694	107760000	2704	108200000	domain	440000
chr1	2705	108200000	2711	108480000	gap	280000
chr1	2712	108480000	2722	108920000	domain	440000
chr1	2723	108920000	2730	109240000	domain	320000
chr1	2731	109240000	2741	109680000	domain	440000
chr1	2742	109680000	2742	109720000	gap	40000
chr1	2743	109720000	2762	110520000	domain	800000
chr1	2763	110520000	2777	111120000	domain	600000
chr1	2778	111120000	2785	111440000	domain	320000
chr1	2786	111440000	2793	111760000	domain	320000
chr1	2794	111760000	2808	112360000	domain	600000
chr1	2809	112360000	2817	112720000	domain	360000
chr1	2818	112720000	2826	113080000	domain	360000
chr1	2827	113080000	2844	113800000	domain	720000
chr1	2845	113800000	2857	114320000	domain	520000
chr1	2858	114320000	2869	114800000	domain	480000
chr1	2870	114800000	2877	115120000	boundary	320000
chr1	2878	115120000	2889	115600000	domain	480000
chr1	2890	115600000	2894	115800000	boundary	200000
chr1	2895	115800000	2900	116040000	domain	240000
chr1	2901	116040000	2913	116560000	domain	520000
chr1	2914	116560000	2926	117080000	domain	520000
chr1	2927	117080000	2948	117960000	domain	880000
chr1	2949	117960000	2981	119280000	domain	1320000
chr1	2982	119280000	2998	119960000	domain	680000
chr1	2999	119960000	3641	145680000	gap	25720000
chr1	3642	145680000	3650	146040000	domain	360000
chr1	3651	146040000	3675	147040000	gap	1000000
chr1	3676	147040000	3697	147920000	domain	880000
chr1	3698	147920000	3746	149880000	gap	1960000
chr1	3747	149880000	3757	150320000	domain	440000
chr1	3758	150320000	3774	151000000	domain	680000
chr1	3775	151000000	3778	151160000	boundary	160000
chr1	3779	151160000	3781	151280000	boundary	120000
chr1	3782	151280000	3784	151400000	boundary	120000
chr1	3785	151400000	3797	151920000	domain	520000
chr1	3798	151920000	3800	152040000	boundary	120000
chr1	3801	152040000	3813	152560000	domain	520000
chr1	3814	152560000	3815	152640000	gap	80000
chr1	3816	152640000	3832	153320000	domain	680000
chr1	3833	153320000	3840	153640000	boundary	320000
chr1	3841	153640000	3856	154280000	domain	640000
chr1	3857	154280000	3876	155080000	domain	800000
chr1	3877	155080000	3879	155200000	boundary	120000
chr1	3880	155200000	3901	156080000	domain	880000
chr1	3902	156080000	3908	156360000	boundary	280000
chr1	3909	156360000	3916	156680000	boundary	320000
chr1	3917	156680000	3923	156960000	boundary	280000
chr1	3924	156960000	3938	157560000	domain	600000
chr1	3939	157560000	3946	157880000	domain	320000
chr1	3947	157880000	3977	159120000	domain	1240000
chr1	3978	159120000	3993	159760000	domain	640000
chr1	3994	159760000	3997	159920000	boundary	160000
chr1	3998	159920000	4000	160040000	boundary	120000
chr1	4001	160040000	4009	160400000	boundary	360000
chr1	4010	160400000	4015	160640000	domain	240000
chr1	4016	160640000	4024	161000000	domain	360000
chr1	4025	161000000	4035	161440000	domain	440000
chr1	4036	161440000	4041	161680000	gap	240000
chr1	4042	161680000	4070	162840000	domain	1160000
chr1	4071	162840000	4083	163360000	domain	520000
chr1	4084	163360000	4126	165080000	domain	1720000
chr1	4127	165080000	4133	165360000	domain	280000
chr1	4134	165360000	4139	165600000	domain	240000
chr1	4140	165600000	4147	165920000	domain	320000
chr1	4148	165920000	4170	166840000	domain	920000
chr1	4171	166840000	4188	167560000	domain	720000
chr1	4189	167560000	4192	167720000	boundary	160000
chr1	4193	167720000	4207	168320000	domain	600000
chr1	4208	168320000	4233	169360000	domain	1040000
chr1	4234	169360000	4238	169560000	boundary	200000
chr1	4239	169560000	4246	169880000	domain	320000
chr1	4247	169880000	4273	170960000	domain	1080000
chr1	4274	170960000	4286	171480000	domain	520000
chr1	4287	171480000	4289	171600000	boundary	120000
chr1	4290	171600000	4299	172000000	domain	400000
chr1	4300	172000000	4310	172440000	domain	440000
chr1	4311	172440000	4317	172720000	boundary	280000
chr1	4318	172720000	4330	173240000	domain	520000
chr1	4331	173240000	4345	173840000	domain	600000
chr1	4346	173840000	4355	174240000	domain	400000
chr1	4356	174240000	4368	174760000	domain	520000
chr1	4369	174760000	4374	175000000	domain	240000
chr1	4375	175000000	4383	175360000	domain	360000
chr1	4384	175360000	4396	175880000	domain	520000
chr1	4397	175880000	4407	176320000	domain	440000
chr1	4408	176320000	4422	176920000	domain	600000
chr1	4423	176920000	4448	177960000	domain	1040000
chr1	4449	177960000	4462	178520000	domain	560000
chr1	4463	178520000	4475	179040000	domain	520000
chr1	4476	179040000	4484	179400000	domain	360000
chr1	4485	179400000	4491	179680000	domain	280000
chr1	4492	179680000	4494	179800000	boundary	120000
chr1	4495	179800000	4511	180480000	domain	680000
chr1	4512	180480000	4525	181040000	domain	560000
chr1	4526	181040000	4529	181200000	boundary	160000
chr1	4530	181200000	4535	181440000	boundary	240000
chr1	4536	181440000	4550	182040000	domain	600000
chr1	4551	182040000	4563	182560000	domain	520000
chr1	4564	182560000	4570	182840000	domain	280000
chr1	4571	182840000	4590	183640000	domain	800000
chr1	4591	183640000	4600	184040000	domain	400000
chr1	4601	184040000	4617	184720000	domain	680000
chr1	4618	184720000	4629	185200000	domain	480000
chr1	4630	185200000	4642	185720000	domain	520000
chr1	4643	185720000	4657	186320000	domain	600000
chr1	4658	186320000	4675	187040000	domain	720000
chr1	4676	187040000	4700	188040000	domain	1000000
chr1	4701	188040000	4739	189600000	domain	1560000
chr1	4740	189600000	4746	189880000	boundary	280000
chr1	4747	189880000	4758	190360000	domain	480000
chr1	4759	190360000	4782	191320000	domain	960000
chr1	4783	191320000	4810	192440000	domain	1120000
chr1	4811	192440000	4827	193120000	domain	680000
chr1	4828	193120000	4860	194440000	domain	1320000
chr1	4861	194440000	4884	195400000	domain	960000
chr1	4885	195400000	4888	195560000	boundary	160000
chr1	4889	195560000	4893	195760000	domain	200000
chr1	4894	195760000	4918	196760000	domain	1000000
chr1	4919	196760000	4923	196960000	gap	200000
chr1	4924	196960000	4934	197400000	domain	440000
chr1	4935	197400000	4948	197960000	domain	560000
chr1	4949	197960000	4967	198720000	domain	760000
chr1	4968	198720000	4988	199560000	domain	840000
chr1	4989	199560000	5013	200560000	domain	1000000
chr1	5014	200560000	5021	200880000	domain	320000
chr1	5022	200880000	5030	201240000	boundary	360000
chr1	5031	201240000	5035	201440000	boundary	200000
chr1	5036	201440000	5045	201840000	domain	400000
chr1	5046	201840000	5049	202000000	boundary	160000
chr1	5050	202000000	5053	202160000	boundary	160000
chr1	5054	202160000	5057	202320000	boundary	160000
chr1	5058	202320000	5075	203040000	domain	720000
chr1	5076	203040000	5086	203480000	domain	440000
chr1	5087	203480000	5094	203800000	domain	320000
chr1	5095	203800000	5109	204400000	domain	600000
chr1	5110	204400000	5112	204520000	boundary	120000
chr1	5113	204520000	5123	204960000	domain	440000
chr1	5124	204960000	5131	205280000	domain	320000
chr1	5132	205280000	5138	205560000	boundary	280000
chr1	5139	205560000	5153	206160000	domain	600000
chr1	5154	206160000	5159	206400000	gap	240000
chr1	5160	206400000	5175	207040000	domain	640000
chr1	5176	207040000	5187	207520000	domain	480000
chr1	5188	207520000	5188	207560000	gap	40000
chr1	5189	207560000	5199	208000000	domain	440000
chr1	5200	208000000	5206	208280000	boundary	280000
chr1	5207	208280000	5215	208640000	domain	360000
chr1	5216	208640000	5229	209200000	domain	560000
chr1	5230	209200000	5238	209560000	domain	360000
chr1	5239	209560000	5245	209840000	boundary	280000
chr1	5246	209840000	5249	210000000	boundary	160000
chr1	5250	210000000	5259	210400000	domain	400000
chr1	5260	210400000	5278	211160000	domain	760000
chr1	5279	211160000	5280	211240000	boundary	80000
chr1	5281	211240000	5291	211680000	domain	440000
chr1	5292	211680000	5311	212480000	domain	800000
chr1	5312	212480000	5314	212600000	boundary	120000
chr1	5315	212600000	5319	212800000	domain	200000
chr1	5320	212800000	5327	213120000	boundary	320000
chr1	5328	213120000	5353	214160000	domain	1040000
chr1	5354	214160000	5365	214640000	domain	480000
chr1	5366	214640000	5390	215640000	domain	1000000
chr1	5391	215640000	5404	216200000	domain	560000
chr1	5405	216200000	5417	216720000	domain	520000
chr1	5418	216720000	5443	217760000	domain	1040000
chr1	5444	217760000	5455	218240000	domain	480000
chr1	5456	218240000	5495	219840000	domain	1600000
chr1	5496	219840000	5498	219960000	boundary	120000
chr1	5499	219960000	5519	220800000	domain	840000
chr1	5520	220800000	5536	221480000	domain	680000
chr1	5537	221480000	5561	222480000	domain	1000000
chr1	5562	222480000	5562	222520000	gap	40000
chr1	5563	222520000	5577	223120000	domain	600000
chr1	5578	223120000	5588	223560000	domain	440000
chr1	5589	223560000	5589	223600000	gap	40000
chr1	5590	223600000	5596	223880000	domain	280000
chr1	5597	223880000	5600	224040000	gap	160000
chr1	5601	224040000	5611	224480000	domain	440000
chr1	5612	224480000	5623	224960000	domain	480000
chr1	5624	224960000	5634	225400000	domain	440000
chr1	5635	225400000	5649	226000000	domain	600000
chr1	5650	226000000	5659	226400000	boundary	400000
chr1	5660	226400000	5671	226880000	domain	480000
chr1	5672	226880000	5686	227480000	domain	600000
chr1	5687	227480000	5698	227960000	domain	480000
chr1	5699	227960000	5699	228000000	gap	40000
chr1	5700	228000000	5712	228520000	domain	520000
chr1	5713	228520000	5715	228640000	gap	120000
chr1	5716	228640000	5730	229240000	domain	600000
chr1	5731	229240000	5740	229640000	domain	400000
chr1	5741	229640000	5758	230360000	domain	720000
chr1	5759	230360000	5764	230600000	domain	240000
chr1	5765	230600000	5780	231240000	domain	640000
chr1	5781	231240000	5792	231720000	domain	480000
chr1	5793	231720000	5795	231840000	boundary	120000
chr1	5796	231840000	5831	233280000	domain	1440000
chr1	5832	233280000	5852	234120000	domain	840000
chr1	5853	234120000	5869	234800000	domain	680000
chr1	5870	234800000	5870	234840000	gap	40000
chr1	5871	234840000	5886	235480000	domain	640000
chr1	5887	235480000	5901	236080000	domain	600000
chr1	5902	236080000	5914	236600000	domain	520000
chr1	5915	236600000	5921	236880000	domain	280000
chr1	5922	236880000	5942	237720000	domain	840000
chr1	5943	237720000	5983	239360000	domain	1640000
chr1	5984	239360000	5999	240000000	domain	640000
chr1	6000	240000000	6017	240720000	domain	720000
chr1	6018	240720000	6037	241520000	domain	800000
chr1	6038	241520000	6055	242240000	domain	720000
chr1	6056	242240000	6058	242360000	gap	120000
chr1	6059	242360000	6071	242880000	domain	520000
chr1	6072	242880000	6079	243200000	gap	320000
chr1	6080	243200000	6107	244320000	domain	1120000
chr1	6108	244320000	6111	244480000	boundary	160000
chr1	6112	244480000	6126	245080000	domain	600000
chr1	6127	245080000	6161	246480000	domain	1400000
chr1	6162	246480000	6168	246760000	boundary	280000
chr1	6169	246760000	6183	247360000	domain	600000
chr1	6184	247360000	6196	247880000	domain	520000
chr1	6197	247880000	6197	247920000	gap	40000
chr1	6198	247920000	6210	248440000	domain	520000
chr1	6211	248440000	6210	248440000	gap	0
chr1	6211	248440000	6216	248680000	gap	240000
chr1	6217	248680000	6223	248956422	domain	276422
