chr	from.id	from.coord	to.id	to.coord	tag	size
chr14	1	16000000	100	20000000	gap	4000000
chr14	101	20000000	125	21000000	domain	1000000
chr14	126	21000000	128	21120000	boundary	120000
chr14	129	21120000	140	21600000	domain	480000
chr14	141	21600000	144	21760000	boundary	160000
chr14	145	21760000	155	22200000	domain	440000
chr14	156	22200000	163	22520000	domain	320000
chr14	164	22520000	174	22960000	domain	440000
chr14	175	22960000	177	23080000	boundary	120000
chr14	178	23080000	187	23480000	boundary	400000
chr14	188	23480000	199	23960000	domain	480000
chr14	200	23960000	201	24040000	gap	80000
chr14	202	24040000	212	24480000	domain	440000
chr14	213	24480000	217	24680000	boundary	200000
chr14	218	24680000	235	25400000	domain	720000
chr14	236	25400000	239	25560000	boundary	160000
chr14	240	25560000	277	27080000	domain	1520000
chr14	278	27080000	283	27320000	domain	240000
chr14	284	27320000	294	27760000	domain	440000
chr14	295	27760000	296	27840000	gap	80000
chr14	297	27840000	304	28160000	domain	320000
chr14	305	28160000	305	28200000	gap	40000
chr14	306	28200000	317	28680000	domain	480000
chr14	318	28680000	338	29520000	domain	840000
chr14	339	29520000	359	30360000	domain	840000
chr14	360	30360000	364	30560000	boundary	200000
chr14	365	30560000	386	31440000	domain	880000
chr14	387	31440000	414	32560000	domain	1120000
chr14	415	32560000	445	33800000	domain	1240000
chr14	446	33800000	459	34360000	domain	560000
chr14	460	34360000	464	34560000	boundary	200000
chr14	465	34560000	496	35840000	domain	1280000
chr14	497	35840000	515	36600000	domain	760000
chr14	516	36600000	530	37200000	domain	600000
chr14	531	37200000	548	37920000	domain	720000
chr14	549	37920000	576	39040000	domain	1120000
chr14	577	39040000	586	39440000	domain	400000
chr14	587	39440000	608	40320000	domain	880000
chr14	609	40320000	609	40360000	gap	40000
chr14	610	40360000	628	41120000	domain	760000
chr14	629	41120000	630	41200000	gap	80000
chr14	631	41200000	641	41640000	domain	440000
chr14	642	41640000	687	43480000	domain	1840000
chr14	688	43480000	721	44840000	domain	1360000
chr14	722	44840000	733	45320000	domain	480000
chr14	734	45320000	745	45800000	domain	480000
chr14	746	45800000	746	45840000	gap	40000
chr14	747	45840000	761	46440000	domain	600000
chr14	762	46440000	779	47160000	domain	720000
chr14	780	47160000	780	47200000	gap	40000
chr14	781	47200000	795	47800000	domain	600000
chr14	796	47800000	839	49560000	domain	1760000
chr14	840	49560000	857	50280000	domain	720000
chr14	858	50280000	872	50880000	domain	600000
chr14	873	50880000	881	51240000	domain	360000
chr14	882	51240000	895	51800000	domain	560000
chr14	896	51800000	899	51960000	boundary	160000
chr14	900	51960000	918	52720000	domain	760000
chr14	919	52720000	933	53320000	domain	600000
chr14	934	53320000	960	54400000	domain	1080000
chr14	961	54400000	976	55040000	domain	640000
chr14	977	55040000	992	55680000	domain	640000
chr14	993	55680000	1012	56480000	domain	800000
chr14	1013	56480000	1035	57400000	domain	920000
chr14	1036	57400000	1055	58200000	domain	800000
chr14	1056	58200000	1061	58440000	boundary	240000
chr14	1062	58440000	1077	59080000	domain	640000
chr14	1078	59080000	1088	59520000	domain	440000
chr14	1089	59520000	1105	60200000	domain	680000
chr14	1106	60200000	1132	61280000	domain	1080000
chr14	1133	61280000	1147	61880000	domain	600000
chr14	1148	61880000	1154	62160000	domain	280000
chr14	1155	62160000	1179	63160000	domain	1000000
chr14	1180	63160000	1183	63320000	boundary	160000
chr14	1184	63320000	1195	63800000	domain	480000
chr14	1196	63800000	1208	64320000	domain	520000
chr14	1209	64320000	1225	65000000	domain	680000
chr14	1226	65000000	1258	66320000	domain	1320000
chr14	1259	66320000	1279	67160000	domain	840000
chr14	1280	67160000	1283	67320000	boundary	160000
chr14	1284	67320000	1295	67800000	domain	480000
chr14	1296	67800000	1321	68840000	domain	1040000
chr14	1322	68840000	1328	69120000	boundary	280000
chr14	1329	69120000	1339	69560000	domain	440000
chr14	1340	69560000	1344	69760000	boundary	200000
chr14	1345	69760000	1365	70600000	domain	840000
chr14	1366	70600000	1377	71080000	domain	480000
chr14	1378	71080000	1394	71760000	domain	680000
chr14	1395	71760000	1410	72400000	domain	640000
chr14	1411	72400000	1425	73000000	domain	600000
chr14	1426	73000000	1437	73480000	domain	480000
chr14	1438	73480000	1441	73640000	boundary	160000
chr14	1442	73640000	1452	74080000	domain	440000
chr14	1453	74080000	1457	74280000	boundary	200000
chr14	1458	74280000	1471	74840000	domain	560000
chr14	1472	74840000	1476	75040000	boundary	200000
chr14	1477	75040000	1492	75680000	domain	640000
chr14	1493	75680000	1500	76000000	domain	320000
chr14	1501	76000000	1518	76720000	domain	720000
chr14	1519	76720000	1520	76800000	boundary	80000
chr14	1521	76800000	1528	77120000	domain	320000
chr14	1529	77120000	1533	77320000	boundary	200000
chr14	1534	77320000	1546	77840000	domain	520000
chr14	1547	77840000	1572	78880000	domain	1040000
chr14	1573	78880000	1623	80920000	domain	2040000
chr14	1624	80920000	1630	81200000	domain	280000
chr14	1631	81200000	1639	81560000	domain	360000
chr14	1640	81560000	1650	82000000	domain	440000
chr14	1651	82000000	1682	83280000	domain	1280000
chr14	1683	83280000	1752	86080000	domain	2800000
chr14	1753	86080000	1768	86720000	domain	640000
chr14	1769	86720000	1773	86920000	domain	200000
chr14	1774	86920000	1797	87880000	domain	960000
chr14	1798	87880000	1812	88480000	domain	600000
chr14	1813	88480000	1816	88640000	boundary	160000
chr14	1817	88640000	1823	88920000	domain	280000
chr14	1824	88920000	1825	89000000	boundary	80000
chr14	1826	89000000	1849	89960000	domain	960000
chr14	1850	89960000	1856	90240000	domain	280000
chr14	1857	90240000	1870	90800000	domain	560000
chr14	1871	90800000	1883	91320000	domain	520000
chr14	1884	91320000	1886	91440000	boundary	120000
chr14	1887	91440000	1903	92120000	domain	680000
chr14	1904	92120000	1920	92800000	domain	680000
chr14	1921	92800000	1930	93200000	domain	400000
chr14	1931	93200000	1934	93360000	boundary	160000
chr14	1935	93360000	1941	93640000	domain	280000
chr14	1942	93640000	1950	94000000	domain	360000
chr14	1951	94000000	1957	94280000	domain	280000
chr14	1958	94280000	1964	94560000	domain	280000
chr14	1965	94560000	1989	95560000	domain	1000000
chr14	1990	95560000	2000	96000000	domain	440000
chr14	2001	96000000	2014	96560000	domain	560000
chr14	2015	96560000	2022	96880000	domain	320000
chr14	2023	96880000	2050	98000000	domain	1120000
chr14	2051	98000000	2052	98080000	boundary	80000
chr14	2053	98080000	2086	99440000	domain	1360000
chr14	2087	99440000	2091	99640000	boundary	200000
chr14	2092	99640000	2099	99960000	domain	320000
chr14	2100	99960000	2106	100240000	domain	280000
chr14	2107	100240000	2142	101680000	domain	1440000
chr14	2143	101680000	2149	101960000	domain	280000
chr14	2150	101960000	2153	102120000	boundary	160000
chr14	2154	102120000	2159	102360000	domain	240000
chr14	2160	102360000	2163	102520000	boundary	160000
chr14	2164	102520000	2177	103080000	domain	560000
chr14	2178	103080000	2184	103360000	domain	280000
chr14	2185	103360000	2201	104040000	domain	680000
chr14	2202	104040000	2218	104720000	domain	680000
chr14	2219	104720000	2239	105560000	domain	840000
chr14	2240	105560000	2244	105760000	gap	200000
chr14	2245	105760000	2249	105960000	domain	200000
chr14	2250	105960000	2254	106160000	gap	200000
chr14	2255	106160000	2267	106680000	domain	520000
chr14	2268	106680000	2273	106920000	gap	240000
