chr	from.id	from.coord	to.id	to.coord	tag	size
chr12	1	0	1	40000	gap	40000
chr12	2	40000	10	400000	domain	360000
chr12	11	400000	14	560000	domain	160000
chr12	15	560000	28	1120000	domain	560000
chr12	29	1120000	40	1600000	domain	480000
chr12	41	1600000	51	2040000	domain	440000
chr12	52	2040000	67	2680000	domain	640000
chr12	68	2680000	76	3040000	domain	360000
chr12	77	3040000	83	3320000	domain	280000
chr12	84	3320000	91	3640000	domain	320000
chr12	92	3640000	97	3880000	domain	240000
chr12	98	3880000	107	4280000	domain	400000
chr12	108	4280000	114	4560000	domain	280000
chr12	115	4560000	120	4800000	domain	240000
chr12	121	4800000	128	5120000	domain	320000
chr12	129	5120000	136	5440000	domain	320000
chr12	137	5440000	143	5720000	domain	280000
chr12	144	5720000	149	5960000	domain	240000
chr12	150	5960000	158	6320000	domain	360000
chr12	159	6320000	172	6880000	domain	560000
chr12	173	6880000	180	7200000	domain	320000
chr12	181	7200000	196	7840000	domain	640000
chr12	197	7840000	204	8160000	domain	320000
chr12	205	8160000	211	8440000	gap	280000
chr12	212	8440000	232	9280000	domain	840000
chr12	233	9280000	240	9600000	gap	320000
chr12	241	9600000	260	10400000	domain	800000
chr12	261	10400000	261	10440000	gap	40000
chr12	262	10440000	269	10760000	domain	320000
chr12	270	10760000	282	11280000	domain	520000
chr12	283	11280000	285	11400000	gap	120000
chr12	286	11400000	301	12040000	domain	640000
chr12	302	12040000	309	12360000	domain	320000
chr12	310	12360000	319	12760000	domain	400000
chr12	320	12760000	325	13000000	domain	240000
chr12	326	13000000	331	13240000	domain	240000
chr12	332	13240000	342	13680000	domain	440000
chr12	343	13680000	354	14160000	domain	480000
chr12	355	14160000	368	14720000	domain	560000
chr12	369	14720000	375	15000000	domain	280000
chr12	376	15000000	382	15280000	domain	280000
chr12	383	15280000	389	15560000	domain	280000
chr12	390	15560000	398	15920000	domain	360000
chr12	399	15920000	410	16400000	domain	480000
chr12	411	16400000	418	16720000	boundary	320000
chr12	419	16720000	443	17720000	domain	1000000
chr12	444	17720000	449	17960000	domain	240000
chr12	450	17960000	470	18800000	domain	840000
chr12	471	18800000	492	19680000	domain	880000
chr12	493	19680000	519	20760000	domain	1080000
chr12	520	20760000	520	20800000	gap	40000
chr12	521	20800000	531	21240000	domain	440000
chr12	532	21240000	542	21680000	domain	440000
chr12	543	21680000	551	22040000	domain	360000
chr12	552	22040000	560	22400000	domain	360000
chr12	561	22400000	561	22440000	gap	40000
chr12	562	22440000	567	22680000	domain	240000
chr12	568	22680000	578	23120000	domain	440000
chr12	579	23120000	581	23240000	domain	120000
chr12	582	23240000	591	23640000	domain	400000
chr12	592	23640000	599	23960000	domain	320000
chr12	600	23960000	603	24120000	domain	160000
chr12	604	24120000	607	24280000	domain	160000
chr12	608	24280000	618	24720000	domain	440000
chr12	619	24720000	623	24920000	domain	200000
chr12	624	24920000	629	25160000	domain	240000
chr12	630	25160000	636	25440000	domain	280000
chr12	637	25440000	651	26040000	domain	600000
chr12	652	26040000	667	26680000	domain	640000
chr12	668	26680000	672	26880000	domain	200000
chr12	673	26880000	684	27360000	domain	480000
chr12	685	27360000	693	27720000	domain	360000
chr12	694	27720000	699	27960000	domain	240000
chr12	700	27960000	726	29040000	domain	1080000
chr12	727	29040000	733	29320000	domain	280000
chr12	734	29320000	738	29520000	domain	200000
chr12	739	29520000	776	31040000	domain	1520000
chr12	777	31040000	780	31200000	gap	160000
chr12	781	31200000	791	31640000	domain	440000
chr12	792	31640000	801	32040000	domain	400000
chr12	802	32040000	809	32360000	domain	320000
chr12	810	32360000	818	32720000	domain	360000
chr12	819	32720000	824	32960000	domain	240000
chr12	825	32960000	850	34000000	domain	1040000
chr12	851	34000000	859	34360000	domain	360000
chr12	860	34360000	951	38040000	gap	3680000
chr12	952	38040000	958	38320000	domain	280000
chr12	959	38320000	959	38360000	gap	40000
chr12	960	38360000	973	38920000	domain	560000
chr12	974	38920000	982	39280000	domain	360000
chr12	983	39280000	994	39760000	domain	480000
chr12	995	39760000	1003	40120000	domain	360000
chr12	1004	40120000	1013	40520000	domain	400000
chr12	1014	40520000	1015	40600000	boundary	80000
chr12	1016	40600000	1023	40920000	domain	320000
chr12	1024	40920000	1032	41280000	domain	360000
chr12	1033	41280000	1042	41680000	domain	400000
chr12	1043	41680000	1051	42040000	domain	360000
chr12	1052	42040000	1062	42480000	domain	440000
chr12	1063	42480000	1064	42560000	domain	80000
chr12	1065	42560000	1084	43360000	domain	800000
chr12	1085	43360000	1093	43720000	domain	360000
chr12	1094	43720000	1099	43960000	domain	240000
chr12	1100	43960000	1128	45120000	domain	1160000
chr12	1129	45120000	1150	46000000	domain	880000
chr12	1151	46000000	1159	46360000	domain	360000
chr12	1160	46360000	1167	46680000	domain	320000
chr12	1168	46680000	1175	47000000	domain	320000
chr12	1176	47000000	1186	47440000	domain	440000
chr12	1187	47440000	1191	47640000	domain	200000
chr12	1192	47640000	1197	47880000	domain	240000
chr12	1198	47880000	1205	48200000	domain	320000
chr12	1206	48200000	1217	48680000	domain	480000
chr12	1218	48680000	1226	49040000	domain	360000
chr12	1227	49040000	1232	49280000	domain	240000
chr12	1233	49280000	1240	49600000	domain	320000
chr12	1241	49600000	1244	49760000	domain	160000
chr12	1245	49760000	1252	50080000	domain	320000
chr12	1253	50080000	1261	50440000	domain	360000
chr12	1262	50440000	1269	50760000	domain	320000
chr12	1270	50760000	1276	51040000	domain	280000
chr12	1277	51040000	1284	51360000	domain	320000
chr12	1285	51360000	1297	51880000	domain	520000
chr12	1298	51880000	1303	52120000	boundary	240000
chr12	1304	52120000	1309	52360000	domain	240000
chr12	1310	52360000	1322	52880000	domain	520000
chr12	1323	52880000	1325	53000000	boundary	120000
chr12	1326	53000000	1333	53320000	domain	320000
chr12	1334	53320000	1338	53520000	domain	200000
chr12	1339	53520000	1344	53760000	domain	240000
chr12	1345	53760000	1352	54080000	domain	320000
chr12	1353	54080000	1353	54120000	gap	40000
chr12	1354	54120000	1362	54480000	domain	360000
chr12	1363	54480000	1374	54960000	domain	480000
chr12	1375	54960000	1392	55680000	domain	720000
chr12	1393	55680000	1401	56040000	domain	360000
chr12	1402	56040000	1419	56760000	domain	720000
chr12	1420	56760000	1425	57000000	domain	240000
chr12	1426	57000000	1430	57200000	domain	200000
chr12	1431	57200000	1438	57520000	domain	320000
chr12	1439	57520000	1444	57760000	domain	240000
chr12	1445	57760000	1449	57960000	domain	200000
chr12	1450	57960000	1458	58320000	domain	360000
chr12	1459	58320000	1479	59160000	domain	840000
chr12	1480	59160000	1488	59520000	domain	360000
chr12	1489	59520000	1489	59560000	gap	40000
chr12	1490	59560000	1496	59840000	domain	280000
chr12	1497	59840000	1513	60520000	domain	680000
chr12	1514	60520000	1556	62240000	domain	1720000
chr12	1557	62240000	1570	62800000	domain	560000
chr12	1571	62800000	1577	63080000	domain	280000
chr12	1578	63080000	1588	63520000	domain	440000
chr12	1589	63520000	1594	63760000	gap	240000
chr12	1595	63760000	1607	64280000	domain	520000
chr12	1608	64280000	1610	64400000	domain	120000
chr12	1611	64400000	1619	64760000	domain	360000
chr12	1620	64760000	1628	65120000	domain	360000
chr12	1629	65120000	1629	65160000	gap	40000
chr12	1630	65160000	1653	66120000	domain	960000
chr12	1654	66120000	1672	66880000	domain	760000
chr12	1673	66880000	1683	67320000	domain	440000
chr12	1684	67320000	1700	68000000	domain	680000
chr12	1701	68000000	1708	68320000	domain	320000
chr12	1709	68320000	1721	68840000	domain	520000
chr12	1722	68840000	1731	69240000	domain	400000
chr12	1732	69240000	1741	69640000	domain	400000
chr12	1742	69640000	1747	69880000	domain	240000
chr12	1748	69880000	1764	70560000	domain	680000
chr12	1765	70560000	1791	71640000	domain	1080000
chr12	1792	71640000	1794	71760000	domain	120000
chr12	1795	71760000	1799	71960000	domain	200000
chr12	1800	71960000	1808	72320000	domain	360000
chr12	1809	72320000	1848	73920000	domain	1600000
chr12	1849	73920000	1867	74680000	domain	760000
chr12	1868	74680000	1883	75320000	domain	640000
chr12	1884	75320000	1888	75520000	domain	200000
chr12	1889	75520000	1901	76040000	domain	520000
chr12	1902	76040000	1915	76600000	domain	560000
chr12	1916	76600000	1926	77040000	domain	440000
chr12	1927	77040000	1942	77680000	domain	640000
chr12	1943	77680000	1949	77960000	domain	280000
chr12	1950	77960000	1954	78160000	domain	200000
chr12	1955	78160000	1986	79440000	domain	1280000
chr12	1987	79440000	1987	79480000	gap	40000
chr12	1988	79480000	1994	79760000	domain	280000
chr12	1995	79760000	2007	80280000	domain	520000
chr12	2008	80280000	2020	80800000	domain	520000
chr12	2021	80800000	2032	81280000	domain	480000
chr12	2033	81280000	2041	81640000	domain	360000
chr12	2042	81640000	2058	82320000	domain	680000
chr12	2059	82320000	2067	82680000	domain	360000
chr12	2068	82680000	2113	84520000	domain	1840000
chr12	2114	84520000	2119	84760000	domain	240000
chr12	2120	84760000	2121	84840000	boundary	80000
chr12	2122	84840000	2127	85080000	domain	240000
chr12	2128	85080000	2135	85400000	domain	320000
chr12	2136	85400000	2149	85960000	domain	560000
chr12	2150	85960000	2156	86240000	domain	280000
chr12	2157	86240000	2174	86960000	domain	720000
chr12	2175	86960000	2201	88040000	domain	1080000
chr12	2202	88040000	2225	89000000	domain	960000
chr12	2226	89000000	2238	89520000	domain	520000
chr12	2239	89520000	2274	90960000	domain	1440000
chr12	2275	90960000	2284	91360000	domain	400000
chr12	2285	91360000	2304	92160000	domain	800000
chr12	2305	92160000	2317	92680000	domain	520000
chr12	2318	92680000	2324	92960000	domain	280000
chr12	2325	92960000	2335	93400000	domain	440000
chr12	2336	93400000	2353	94120000	domain	720000
chr12	2354	94120000	2363	94520000	domain	400000
chr12	2364	94520000	2377	95080000	domain	560000
chr12	2378	95080000	2389	95560000	domain	480000
chr12	2390	95560000	2397	95880000	domain	320000
chr12	2398	95880000	2414	96560000	domain	680000
chr12	2415	96560000	2425	97000000	domain	440000
chr12	2426	97000000	2435	97400000	domain	400000
chr12	2436	97400000	2450	98000000	domain	600000
chr12	2451	98000000	2460	98400000	domain	400000
chr12	2461	98400000	2467	98680000	domain	280000
chr12	2468	98680000	2476	99040000	domain	360000
chr12	2477	99040000	2495	99800000	domain	760000
chr12	2496	99800000	2503	100120000	domain	320000
chr12	2504	100120000	2508	100320000	domain	200000
chr12	2509	100320000	2520	100800000	domain	480000
chr12	2521	100800000	2535	101400000	domain	600000
chr12	2536	101400000	2548	101920000	domain	520000
chr12	2549	101920000	2571	102840000	domain	920000
chr12	2572	102840000	2589	103560000	domain	720000
chr12	2590	103560000	2604	104160000	domain	600000
chr12	2605	104160000	2610	104400000	domain	240000
chr12	2611	104400000	2627	105080000	domain	680000
chr12	2628	105080000	2635	105400000	domain	320000
chr12	2636	105400000	2655	106200000	domain	800000
chr12	2656	106200000	2659	106360000	boundary	160000
chr12	2660	106360000	2678	107120000	domain	760000
chr12	2679	107120000	2691	107640000	domain	520000
chr12	2692	107640000	2698	107920000	domain	280000
chr12	2699	107920000	2713	108520000	domain	600000
chr12	2714	108520000	2722	108880000	domain	360000
chr12	2723	108880000	2727	109080000	domain	200000
chr12	2728	109080000	2735	109400000	domain	320000
chr12	2736	109400000	2748	109920000	domain	520000
chr12	2749	109920000	2761	110440000	domain	520000
chr12	2762	110440000	2773	110920000	domain	480000
chr12	2774	110920000	2783	111320000	domain	400000
chr12	2784	111320000	2796	111840000	domain	520000
chr12	2797	111840000	2811	112440000	domain	600000
chr12	2812	112440000	2822	112880000	domain	440000
chr12	2823	112880000	2830	113200000	domain	320000
chr12	2831	113200000	2836	113440000	domain	240000
chr12	2837	113440000	2849	113960000	domain	520000
chr12	2850	113960000	2865	114600000	domain	640000
chr12	2866	114600000	2894	115760000	domain	1160000
chr12	2895	115760000	2899	115960000	domain	200000
chr12	2900	115960000	2907	116280000	domain	320000
chr12	2908	116280000	2918	116720000	domain	440000
chr12	2919	116720000	2925	117000000	domain	280000
chr12	2926	117000000	2930	117200000	domain	200000
chr12	2931	117200000	2946	117840000	domain	640000
chr12	2947	117840000	2953	118120000	domain	280000
chr12	2954	118120000	2960	118400000	domain	280000
chr12	2961	118400000	2986	119440000	domain	1040000
chr12	2987	119440000	2991	119640000	domain	200000
chr12	2992	119640000	2999	119960000	domain	320000
chr12	3000	119960000	3005	120200000	boundary	240000
chr12	3006	120200000	3014	120560000	domain	360000
chr12	3015	120560000	3030	121200000	domain	640000
chr12	3031	121200000	3037	121480000	domain	280000
chr12	3038	121480000	3042	121680000	domain	200000
chr12	3043	121680000	3048	121920000	domain	240000
chr12	3049	121920000	3051	122040000	domain	120000
chr12	3052	122040000	3056	122240000	domain	200000
chr12	3057	122240000	3064	122560000	domain	320000
chr12	3065	122560000	3075	123000000	domain	440000
chr12	3076	123000000	3081	123240000	domain	240000
chr12	3082	123240000	3094	123760000	domain	520000
chr12	3095	123760000	3101	124040000	domain	280000
chr12	3102	124040000	3108	124320000	domain	280000
chr12	3109	124320000	3114	124560000	domain	240000
chr12	3115	124560000	3124	124960000	domain	400000
chr12	3125	124960000	3127	125080000	boundary	120000
chr12	3128	125080000	3140	125600000	domain	520000
chr12	3141	125600000	3152	126080000	domain	480000
chr12	3153	126080000	3159	126360000	domain	280000
chr12	3160	126360000	3175	127000000	domain	640000
chr12	3176	127000000	3188	127520000	domain	520000
chr12	3189	127520000	3191	127640000	boundary	120000
chr12	3192	127640000	3202	128080000	domain	440000
chr12	3203	128080000	3219	128760000	domain	680000
chr12	3220	128760000	3230	129200000	domain	440000
chr12	3231	129200000	3250	130000000	domain	800000
chr12	3251	130000000	3260	130400000	domain	400000
chr12	3261	130400000	3269	130760000	domain	360000
chr12	3270	130760000	3272	130880000	boundary	120000
chr12	3273	130880000	3282	131280000	domain	400000
chr12	3283	131280000	3283	131320000	gap	40000
chr12	3284	131320000	3291	131640000	domain	320000
chr12	3292	131640000	3292	131680000	gap	40000
chr12	3293	131680000	3305	132200000	domain	520000
chr12	3306	132200000	3306	132240000	gap	40000
chr12	3307	132240000	3311	132440000	domain	200000
chr12	3312	132440000	3311	132440000	gap	0
chr12	3312	132440000	3312	132480000	gap	40000
chr12	3313	132480000	3322	132880000	domain	400000
chr12	3323	132880000	3332	133275309	domain	395309
