chr	from.id	from.coord	to.id	to.coord	tag	size
chr4	1	0	2	80000	gap	80000
chr4	3	80000	16	640000	domain	560000
chr4	17	640000	25	1000000	domain	360000
chr4	26	1000000	34	1360000	domain	360000
chr4	35	1360000	42	1680000	domain	320000
chr4	43	1680000	48	1920000	domain	240000
chr4	49	1920000	55	2200000	domain	280000
chr4	56	2200000	62	2480000	domain	280000
chr4	63	2480000	68	2720000	domain	240000
chr4	69	2720000	77	3080000	domain	360000
chr4	78	3080000	89	3560000	domain	480000
chr4	90	3560000	90	3600000	gap	40000
chr4	91	3600000	97	3880000	domain	280000
chr4	98	3880000	104	4160000	gap	280000
chr4	105	4160000	111	4440000	domain	280000
chr4	112	4440000	124	4960000	domain	520000
chr4	125	4960000	136	5440000	domain	480000
chr4	137	5440000	146	5840000	domain	400000
chr4	147	5840000	156	6240000	domain	400000
chr4	157	6240000	166	6640000	domain	400000
chr4	167	6640000	178	7120000	domain	480000
chr4	179	7120000	186	7440000	domain	320000
chr4	187	7440000	193	7720000	domain	280000
chr4	194	7720000	202	8080000	domain	360000
chr4	203	8080000	204	8160000	boundary	80000
chr4	205	8160000	211	8440000	domain	280000
chr4	212	8440000	216	8640000	domain	200000
chr4	217	8640000	224	8960000	domain	320000
chr4	225	8960000	242	9680000	gap	720000
chr4	243	9680000	253	10120000	domain	440000
chr4	254	10120000	264	10560000	domain	440000
chr4	265	10560000	294	11760000	domain	1200000
chr4	295	11760000	301	12040000	domain	280000
chr4	302	12040000	317	12680000	domain	640000
chr4	318	12680000	341	13640000	domain	960000
chr4	342	13640000	380	15200000	domain	1560000
chr4	381	15200000	387	15480000	domain	280000
chr4	388	15480000	393	15720000	domain	240000
chr4	394	15720000	400	16000000	domain	280000
chr4	401	16000000	407	16280000	domain	280000
chr4	408	16280000	437	17480000	domain	1200000
chr4	438	17480000	445	17800000	domain	320000
chr4	446	17800000	466	18640000	domain	840000
chr4	467	18640000	480	19200000	domain	560000
chr4	481	19200000	506	20240000	domain	1040000
chr4	507	20240000	518	20720000	domain	480000
chr4	519	20720000	529	21160000	domain	440000
chr4	530	21160000	537	21480000	domain	320000
chr4	538	21480000	544	21760000	domain	280000
chr4	545	21760000	560	22400000	domain	640000
chr4	561	22400000	568	22720000	domain	320000
chr4	569	22720000	575	23000000	domain	280000
chr4	576	23000000	586	23440000	domain	440000
chr4	587	23440000	611	24440000	domain	1000000
chr4	612	24440000	624	24960000	domain	520000
chr4	625	24960000	629	25160000	domain	200000
chr4	630	25160000	635	25400000	domain	240000
chr4	636	25400000	648	25920000	domain	520000
chr4	649	25920000	658	26320000	domain	400000
chr4	659	26320000	661	26440000	domain	120000
chr4	662	26440000	676	27040000	domain	600000
chr4	677	27040000	695	27800000	domain	760000
chr4	696	27800000	727	29080000	domain	1280000
chr4	728	29080000	746	29840000	domain	760000
chr4	747	29840000	759	30360000	domain	520000
chr4	760	30360000	768	30720000	domain	360000
chr4	769	30720000	784	31360000	domain	640000
chr4	785	31360000	795	31800000	domain	440000
chr4	796	31800000	796	31840000	gap	40000
chr4	797	31840000	810	32400000	domain	560000
chr4	811	32400000	821	32840000	domain	440000
chr4	822	32840000	826	33040000	domain	200000
chr4	827	33040000	842	33680000	domain	640000
chr4	843	33680000	848	33920000	domain	240000
chr4	849	33920000	850	34000000	boundary	80000
chr4	851	34000000	856	34240000	domain	240000
chr4	857	34240000	865	34600000	domain	360000
chr4	866	34600000	871	34840000	domain	240000
chr4	872	34840000	898	35920000	domain	1080000
chr4	899	35920000	910	36400000	domain	480000
chr4	911	36400000	935	37400000	domain	1000000
chr4	936	37400000	939	37560000	domain	160000
chr4	940	37560000	945	37800000	domain	240000
chr4	946	37800000	951	38040000	domain	240000
chr4	952	38040000	969	38760000	domain	720000
chr4	970	38760000	979	39160000	domain	400000
chr4	980	39160000	986	39440000	domain	280000
chr4	987	39440000	1001	40040000	domain	600000
chr4	1002	40040000	1009	40360000	domain	320000
chr4	1010	40360000	1018	40720000	domain	360000
chr4	1019	40720000	1023	40920000	domain	200000
chr4	1024	40920000	1031	41240000	domain	320000
chr4	1032	41240000	1042	41680000	domain	440000
chr4	1043	41680000	1048	41920000	domain	240000
chr4	1049	41920000	1057	42280000	domain	360000
chr4	1058	42280000	1064	42560000	domain	280000
chr4	1065	42560000	1074	42960000	domain	400000
chr4	1075	42960000	1085	43400000	domain	440000
chr4	1086	43400000	1091	43640000	boundary	240000
chr4	1092	43640000	1093	43720000	boundary	80000
chr4	1094	43720000	1100	44000000	domain	280000
chr4	1101	44000000	1108	44320000	domain	320000
chr4	1109	44320000	1116	44640000	domain	320000
chr4	1117	44640000	1136	45440000	domain	800000
chr4	1137	45440000	1157	46280000	domain	840000
chr4	1158	46280000	1168	46720000	domain	440000
chr4	1169	46720000	1179	47160000	domain	440000
chr4	1180	47160000	1184	47360000	domain	200000
chr4	1185	47360000	1186	47440000	boundary	80000
chr4	1187	47440000	1190	47600000	domain	160000
chr4	1191	47600000	1198	47920000	domain	320000
chr4	1199	47920000	1204	48160000	domain	240000
chr4	1205	48160000	1214	48560000	domain	400000
chr4	1215	48560000	1227	49080000	domain	520000
chr4	1228	49080000	1295	51800000	gap	2720000
chr4	1296	51800000	1304	52160000	domain	360000
chr4	1305	52160000	1314	52560000	domain	400000
chr4	1315	52560000	1325	53000000	domain	440000
chr4	1326	53000000	1336	53440000	domain	440000
chr4	1337	53440000	1348	53920000	domain	480000
chr4	1349	53920000	1356	54240000	domain	320000
chr4	1357	54240000	1374	54960000	domain	720000
chr4	1375	54960000	1383	55320000	domain	360000
chr4	1384	55320000	1389	55560000	domain	240000
chr4	1390	55560000	1397	55880000	domain	320000
chr4	1398	55880000	1409	56360000	domain	480000
chr4	1410	56360000	1422	56880000	domain	520000
chr4	1423	56880000	1426	57040000	boundary	160000
chr4	1427	57040000	1436	57440000	domain	400000
chr4	1437	57440000	1446	57840000	domain	400000
chr4	1447	57840000	1472	58880000	domain	1040000
chr4	1473	58880000	1473	58920000	gap	40000
chr4	1474	58920000	1481	59240000	domain	320000
chr4	1482	59240000	1506	60240000	domain	1000000
chr4	1507	60240000	1512	60480000	domain	240000
chr4	1513	60480000	1519	60760000	domain	280000
chr4	1520	60760000	1530	61200000	domain	440000
chr4	1531	61200000	1547	61880000	domain	680000
chr4	1548	61880000	1551	62040000	domain	160000
chr4	1552	62040000	1553	62120000	boundary	80000
chr4	1554	62120000	1565	62600000	boundary	480000
chr4	1566	62600000	1568	62720000	boundary	120000
chr4	1569	62720000	1576	63040000	boundary	320000
chr4	1577	63040000	1578	63120000	boundary	80000
chr4	1579	63120000	1587	63480000	domain	360000
chr4	1588	63480000	1594	63760000	domain	280000
chr4	1595	63760000	1615	64600000	domain	840000
chr4	1616	64600000	1625	65000000	domain	400000
chr4	1626	65000000	1655	66200000	domain	1200000
chr4	1656	66200000	1668	66720000	domain	520000
chr4	1669	66720000	1685	67400000	domain	680000
chr4	1686	67400000	1693	67720000	domain	320000
chr4	1694	67720000	1713	68520000	domain	800000
chr4	1714	68520000	1716	68640000	gap	120000
chr4	1717	68640000	1730	69200000	domain	560000
chr4	1731	69200000	1736	69440000	gap	240000
chr4	1737	69440000	1748	69920000	domain	480000
chr4	1749	69920000	1765	70600000	domain	680000
chr4	1766	70600000	1779	71160000	domain	560000
chr4	1780	71160000	1793	71720000	domain	560000
chr4	1794	71720000	1807	72280000	domain	560000
chr4	1808	72280000	1813	72520000	domain	240000
chr4	1814	72520000	1826	73040000	domain	520000
chr4	1827	73040000	1832	73280000	domain	240000
chr4	1833	73280000	1839	73560000	domain	280000
chr4	1840	73560000	1854	74160000	domain	600000
chr4	1855	74160000	1871	74840000	domain	680000
chr4	1872	74840000	1888	75520000	domain	680000
chr4	1889	75520000	1897	75880000	domain	360000
chr4	1898	75880000	1903	76120000	domain	240000
chr4	1904	76120000	1913	76520000	domain	400000
chr4	1914	76520000	1919	76760000	domain	240000
chr4	1920	76760000	1931	77240000	domain	480000
chr4	1932	77240000	1943	77720000	domain	480000
chr4	1944	77720000	1948	77920000	domain	200000
chr4	1949	77920000	1963	78520000	domain	600000
chr4	1964	78520000	1973	78920000	domain	400000
chr4	1974	78920000	1989	79560000	domain	640000
chr4	1990	79560000	2006	80240000	domain	680000
chr4	2007	80240000	2026	81040000	domain	800000
chr4	2027	81040000	2035	81400000	domain	360000
chr4	2036	81400000	2047	81880000	domain	480000
chr4	2048	81880000	2057	82280000	domain	400000
chr4	2058	82280000	2070	82800000	domain	520000
chr4	2071	82800000	2076	83040000	domain	240000
chr4	2077	83040000	2082	83280000	domain	240000
chr4	2083	83280000	2087	83480000	domain	200000
chr4	2088	83480000	2091	83640000	domain	160000
chr4	2092	83640000	2113	84520000	domain	880000
chr4	2114	84520000	2126	85040000	domain	520000
chr4	2127	85040000	2144	85760000	domain	720000
chr4	2145	85760000	2151	86040000	domain	280000
chr4	2152	86040000	2162	86480000	domain	440000
chr4	2163	86480000	2173	86920000	domain	440000
chr4	2174	86920000	2181	87240000	domain	320000
chr4	2182	87240000	2188	87520000	domain	280000
chr4	2189	87520000	2213	88520000	domain	1000000
chr4	2214	88520000	2228	89120000	domain	600000
chr4	2229	89120000	2236	89440000	domain	320000
chr4	2237	89440000	2248	89920000	domain	480000
chr4	2249	89920000	2258	90320000	domain	400000
chr4	2259	90320000	2310	92400000	domain	2080000
chr4	2311	92400000	2331	93240000	domain	840000
chr4	2332	93240000	2344	93760000	domain	520000
chr4	2345	93760000	2355	94200000	domain	440000
chr4	2356	94200000	2366	94640000	domain	440000
chr4	2367	94640000	2379	95160000	domain	520000
chr4	2380	95160000	2387	95480000	domain	320000
chr4	2388	95480000	2444	97760000	domain	2280000
chr4	2445	97760000	2452	98080000	domain	320000
chr4	2453	98080000	2461	98440000	domain	360000
chr4	2462	98440000	2473	98920000	domain	480000
chr4	2474	98920000	2477	99080000	domain	160000
chr4	2478	99080000	2487	99480000	domain	400000
chr4	2488	99480000	2499	99960000	domain	480000
chr4	2500	99960000	2510	100400000	domain	440000
chr4	2511	100400000	2534	101360000	domain	960000
chr4	2535	101360000	2544	101760000	domain	400000
chr4	2545	101760000	2558	102320000	domain	560000
chr4	2559	102320000	2578	103120000	domain	800000
chr4	2579	103120000	2599	103960000	domain	840000
chr4	2600	103960000	2622	104880000	domain	920000
chr4	2623	104880000	2628	105120000	domain	240000
chr4	2629	105120000	2637	105480000	domain	360000
chr4	2638	105480000	2643	105720000	domain	240000
chr4	2644	105720000	2659	106360000	domain	640000
chr4	2660	106360000	2688	107520000	domain	1160000
chr4	2689	107520000	2693	107720000	domain	200000
chr4	2694	107720000	2700	108000000	domain	280000
chr4	2701	108000000	2715	108600000	domain	600000
chr4	2716	108600000	2735	109400000	domain	800000
chr4	2736	109400000	2750	110000000	domain	600000
chr4	2751	110000000	2757	110280000	domain	280000
chr4	2758	110280000	2764	110560000	domain	280000
chr4	2765	110560000	2776	111040000	domain	480000
chr4	2777	111040000	2790	111600000	domain	560000
chr4	2791	111600000	2801	112040000	domain	440000
chr4	2802	112040000	2808	112320000	domain	280000
chr4	2809	112320000	2815	112600000	domain	280000
chr4	2816	112600000	2824	112960000	domain	360000
chr4	2825	112960000	2834	113360000	domain	400000
chr4	2835	113360000	2844	113760000	domain	400000
chr4	2845	113760000	2860	114400000	domain	640000
chr4	2861	114400000	2869	114760000	domain	360000
chr4	2870	114760000	2875	115000000	domain	240000
chr4	2876	115000000	2892	115680000	domain	680000
chr4	2893	115680000	2896	115840000	gap	160000
chr4	2897	115840000	2910	116400000	domain	560000
chr4	2911	116400000	2911	116440000	gap	40000
chr4	2912	116440000	2916	116640000	domain	200000
chr4	2917	116640000	2922	116880000	gap	240000
chr4	2923	116880000	2931	117240000	domain	360000
chr4	2932	117240000	2932	117280000	gap	40000
chr4	2933	117280000	2941	117640000	domain	360000
chr4	2942	117640000	2942	117680000	gap	40000
chr4	2943	117680000	2948	117920000	domain	240000
chr4	2949	117920000	2949	117960000	gap	40000
chr4	2950	117960000	2960	118400000	domain	440000
chr4	2961	118400000	2967	118680000	gap	280000
chr4	2968	118680000	2975	119000000	domain	320000
chr4	2976	119000000	2984	119360000	domain	360000
chr4	2985	119360000	2987	119480000	gap	120000
chr4	2988	119480000	3002	120080000	domain	600000
chr4	3003	120080000	3017	120680000	domain	600000
chr4	3018	120680000	3028	121120000	domain	440000
chr4	3029	121120000	3033	121320000	domain	200000
chr4	3034	121320000	3045	121800000	domain	480000
chr4	3046	121800000	3047	121880000	boundary	80000
chr4	3048	121880000	3054	122160000	domain	280000
chr4	3055	122160000	3065	122600000	domain	440000
chr4	3066	122600000	3075	123000000	domain	400000
chr4	3076	123000000	3084	123360000	domain	360000
chr4	3085	123360000	3092	123680000	domain	320000
chr4	3093	123680000	3094	123760000	domain	80000
chr4	3095	123760000	3103	124120000	domain	360000
chr4	3104	124120000	3108	124320000	domain	200000
chr4	3109	124320000	3133	125320000	domain	1000000
chr4	3134	125320000	3145	125800000	domain	480000
chr4	3146	125800000	3147	125880000	gap	80000
chr4	3148	125880000	3153	126120000	domain	240000
chr4	3154	126120000	3154	126160000	gap	40000
chr4	3155	126160000	3158	126320000	domain	160000
chr4	3159	126320000	3159	126360000	gap	40000
chr4	3160	126360000	3171	126840000	domain	480000
chr4	3172	126840000	3172	126880000	gap	40000
chr4	3173	126880000	3188	127520000	domain	640000
chr4	3189	127520000	3194	127760000	domain	240000
chr4	3195	127760000	3204	128160000	domain	400000
chr4	3205	128160000	3211	128440000	domain	280000
chr4	3212	128440000	3222	128880000	domain	440000
chr4	3223	128880000	3234	129360000	domain	480000
chr4	3235	129360000	3246	129840000	domain	480000
chr4	3247	129840000	3247	129880000	gap	40000
chr4	3248	129880000	3253	130120000	domain	240000
chr4	3254	130120000	3254	130160000	gap	40000
chr4	3255	130160000	3269	130760000	domain	600000
chr4	3270	130760000	3270	130800000	gap	40000
chr4	3271	130800000	3280	131200000	domain	400000
chr4	3281	131200000	3283	131320000	gap	120000
chr4	3284	131320000	3291	131640000	domain	320000
chr4	3292	131640000	3300	132000000	gap	360000
chr4	3301	132000000	3304	132160000	domain	160000
chr4	3305	132160000	3307	132280000	gap	120000
chr4	3308	132280000	3311	132440000	domain	160000
chr4	3312	132440000	3322	132880000	gap	440000
chr4	3323	132880000	3329	133160000	domain	280000
chr4	3330	133160000	3330	133200000	gap	40000
chr4	3331	133200000	3336	133440000	domain	240000
chr4	3337	133440000	3374	134960000	domain	1520000
chr4	3375	134960000	3382	135280000	domain	320000
chr4	3383	135280000	3393	135720000	domain	440000
chr4	3394	135720000	3399	135960000	domain	240000
chr4	3400	135960000	3401	136040000	boundary	80000
chr4	3402	136040000	3407	136280000	domain	240000
chr4	3408	136280000	3424	136960000	domain	680000
chr4	3425	136960000	3445	137800000	domain	840000
chr4	3446	137800000	3455	138200000	domain	400000
chr4	3456	138200000	3474	138960000	domain	760000
chr4	3475	138960000	3492	139680000	domain	720000
chr4	3493	139680000	3500	140000000	domain	320000
chr4	3501	140000000	3509	140360000	domain	360000
chr4	3510	140360000	3515	140600000	domain	240000
chr4	3516	140600000	3521	140840000	domain	240000
chr4	3522	140840000	3529	141160000	domain	320000
chr4	3530	141160000	3553	142120000	domain	960000
chr4	3554	142120000	3571	142840000	domain	720000
chr4	3572	142840000	3579	143160000	domain	320000
chr4	3580	143160000	3589	143560000	domain	400000
chr4	3590	143560000	3595	143800000	domain	240000
chr4	3596	143800000	3604	144160000	gap	360000
chr4	3605	144160000	3629	145160000	domain	1000000
chr4	3630	145160000	3640	145600000	domain	440000
chr4	3641	145600000	3648	145920000	domain	320000
chr4	3649	145920000	3656	146240000	domain	320000
chr4	3657	146240000	3673	146920000	domain	680000
chr4	3674	146920000	3678	147120000	domain	200000
chr4	3679	147120000	3690	147600000	domain	480000
chr4	3691	147600000	3698	147920000	domain	320000
chr4	3699	147920000	3712	148480000	domain	560000
chr4	3713	148480000	3726	149040000	domain	560000
chr4	3727	149040000	3734	149360000	domain	320000
chr4	3735	149360000	3748	149920000	domain	560000
chr4	3749	149920000	3757	150280000	domain	360000
chr4	3758	150280000	3772	150880000	domain	600000
chr4	3773	150880000	3777	151080000	domain	200000
chr4	3778	151080000	3784	151360000	domain	280000
chr4	3785	151360000	3794	151760000	domain	400000
chr4	3795	151760000	3810	152400000	domain	640000
chr4	3811	152400000	3819	152760000	domain	360000
chr4	3820	152760000	3828	153120000	domain	360000
chr4	3829	153120000	3834	153360000	domain	240000
chr4	3835	153360000	3842	153680000	domain	320000
chr4	3843	153680000	3861	154440000	domain	760000
chr4	3862	154440000	3870	154800000	domain	360000
chr4	3871	154800000	3874	154960000	domain	160000
chr4	3875	154960000	3884	155360000	domain	400000
chr4	3885	155360000	3895	155800000	domain	440000
chr4	3896	155800000	3899	155960000	domain	160000
chr4	3900	155960000	3911	156440000	domain	480000
chr4	3912	156440000	3925	157000000	domain	560000
chr4	3926	157000000	3927	157080000	boundary	80000
chr4	3928	157080000	3949	157960000	domain	880000
chr4	3950	157960000	3957	158280000	domain	320000
chr4	3958	158280000	3967	158680000	domain	400000
chr4	3968	158680000	3980	159200000	domain	520000
chr4	3981	159200000	3987	159480000	domain	280000
chr4	3988	159480000	3993	159720000	domain	240000
chr4	3994	159720000	4014	160560000	domain	840000
chr4	4015	160560000	4031	161240000	domain	680000
chr4	4032	161240000	4054	162160000	domain	920000
chr4	4055	162160000	4062	162480000	domain	320000
chr4	4063	162480000	4076	163040000	domain	560000
chr4	4077	163040000	4089	163560000	domain	520000
chr4	4090	163560000	4106	164240000	domain	680000
chr4	4107	164240000	4107	164280000	gap	40000
chr4	4108	164280000	4118	164720000	domain	440000
chr4	4119	164720000	4131	165240000	domain	520000
chr4	4132	165240000	4132	165280000	gap	40000
chr4	4133	165280000	4138	165520000	domain	240000
chr4	4139	165520000	4154	166160000	domain	640000
chr4	4155	166160000	4164	166560000	domain	400000
chr4	4165	166560000	4174	166960000	domain	400000
chr4	4175	166960000	4183	167320000	domain	360000
chr4	4184	167320000	4191	167640000	domain	320000
chr4	4192	167640000	4204	168160000	domain	520000
chr4	4205	168160000	4212	168480000	domain	320000
chr4	4213	168480000	4223	168920000	domain	440000
chr4	4224	168920000	4240	169600000	domain	680000
chr4	4241	169600000	4244	169760000	domain	160000
chr4	4245	169760000	4253	170120000	domain	360000
chr4	4254	170120000	4265	170600000	domain	480000
chr4	4266	170600000	4272	170880000	domain	280000
chr4	4273	170880000	4285	171400000	domain	520000
chr4	4286	171400000	4292	171680000	domain	280000
chr4	4293	171680000	4297	171880000	domain	200000
chr4	4298	171880000	4304	172160000	domain	280000
chr4	4305	172160000	4324	172960000	domain	800000
chr4	4325	172960000	4338	173520000	domain	560000
chr4	4339	173520000	4355	174200000	domain	680000
chr4	4356	174200000	4358	174320000	domain	120000
chr4	4359	174320000	4367	174680000	domain	360000
chr4	4368	174680000	4375	175000000	domain	320000
chr4	4376	175000000	4381	175240000	boundary	240000
chr4	4382	175240000	4388	175520000	domain	280000
chr4	4389	175520000	4398	175920000	domain	400000
chr4	4399	175920000	4409	176360000	domain	440000
chr4	4410	176360000	4427	177080000	domain	720000
chr4	4428	177080000	4438	177520000	domain	440000
chr4	4439	177520000	4462	178480000	domain	960000
chr4	4463	178480000	4484	179360000	domain	880000
chr4	4485	179360000	4489	179560000	boundary	200000
chr4	4490	179560000	4499	179960000	boundary	400000
chr4	4500	179960000	4506	180240000	domain	280000
chr4	4507	180240000	4516	180640000	domain	400000
chr4	4517	180640000	4520	180800000	domain	160000
chr4	4521	180800000	4528	181120000	domain	320000
chr4	4529	181120000	4539	181560000	domain	440000
chr4	4540	181560000	4554	182160000	domain	600000
chr4	4555	182160000	4562	182480000	domain	320000
chr4	4563	182480000	4571	182840000	domain	360000
chr4	4572	182840000	4573	182920000	boundary	80000
chr4	4574	182920000	4586	183440000	domain	520000
chr4	4587	183440000	4595	183800000	domain	360000
chr4	4596	183800000	4606	184240000	domain	440000
chr4	4607	184240000	4618	184720000	domain	480000
chr4	4619	184720000	4625	185000000	domain	280000
chr4	4626	185000000	4629	185160000	domain	160000
chr4	4630	185160000	4636	185440000	domain	280000
chr4	4637	185440000	4640	185600000	domain	160000
chr4	4641	185600000	4651	186040000	domain	440000
chr4	4652	186040000	4656	186240000	boundary	200000
chr4	4657	186240000	4666	186640000	domain	400000
chr4	4667	186640000	4690	187600000	domain	960000
chr4	4691	187600000	4731	189240000	domain	1640000
chr4	4732	189240000	4740	189600000	domain	360000
chr4	4741	189600000	4744	189760000	gap	160000
chr4	4745	189760000	4751	190040000	domain	280000
chr4	4752	190040000	4755	190200000	gap	160000
