chr	from.id	from.coord	to.id	to.coord	tag	size
chr10	1	0	2	80000	gap	80000
chr10	3	80000	12	480000	domain	400000
chr10	13	480000	20	800000	domain	320000
chr10	21	800000	27	1080000	domain	280000
chr10	28	1080000	44	1760000	domain	680000
chr10	45	1760000	73	2920000	domain	1160000
chr10	74	2920000	79	3160000	domain	240000
chr10	80	3160000	94	3760000	domain	600000
chr10	95	3760000	124	4960000	domain	1200000
chr10	125	4960000	125	5000000	gap	40000
chr10	126	5000000	135	5400000	domain	400000
chr10	136	5400000	141	5640000	domain	240000
chr10	142	5640000	149	5960000	domain	320000
chr10	150	5960000	152	6080000	domain	120000
chr10	153	6080000	161	6440000	domain	360000
chr10	162	6440000	172	6880000	domain	440000
chr10	173	6880000	186	7440000	domain	560000
chr10	187	7440000	196	7840000	domain	400000
chr10	197	7840000	222	8880000	domain	1040000
chr10	223	8880000	233	9320000	domain	440000
chr10	234	9320000	247	9880000	domain	560000
chr10	248	9880000	256	10240000	domain	360000
chr10	257	10240000	258	10320000	domain	80000
chr10	259	10320000	268	10720000	domain	400000
chr10	269	10720000	287	11480000	domain	760000
chr10	288	11480000	294	11760000	domain	280000
chr10	295	11760000	305	12200000	domain	440000
chr10	306	12200000	318	12720000	domain	520000
chr10	319	12720000	328	13120000	domain	400000
chr10	329	13120000	333	13320000	domain	200000
chr10	334	13320000	340	13600000	domain	280000
chr10	341	13600000	345	13800000	domain	200000
chr10	346	13800000	354	14160000	domain	360000
chr10	355	14160000	362	14480000	domain	320000
chr10	363	14480000	371	14840000	domain	360000
chr10	372	14840000	379	15160000	domain	320000
chr10	380	15160000	386	15440000	domain	280000
chr10	387	15440000	397	15880000	domain	440000
chr10	398	15880000	420	16800000	domain	920000
chr10	421	16800000	431	17240000	domain	440000
chr10	432	17240000	440	17600000	domain	360000
chr10	441	17600000	446	17840000	domain	240000
chr10	447	17840000	456	18240000	domain	400000
chr10	457	18240000	467	18680000	domain	440000
chr10	468	18680000	477	19080000	domain	400000
chr10	478	19080000	485	19400000	domain	320000
chr10	486	19400000	495	19800000	domain	400000
chr10	496	19800000	520	20800000	domain	1000000
chr10	521	20800000	532	21280000	domain	480000
chr10	533	21280000	538	21520000	domain	240000
chr10	539	21520000	549	21960000	domain	440000
chr10	550	21960000	558	22320000	domain	360000
chr10	559	22320000	577	23080000	domain	760000
chr10	578	23080000	593	23720000	domain	640000
chr10	594	23720000	599	23960000	domain	240000
chr10	600	23960000	605	24200000	domain	240000
chr10	606	24200000	614	24560000	domain	360000
chr10	615	24560000	627	25080000	domain	520000
chr10	628	25080000	634	25360000	domain	280000
chr10	635	25360000	641	25640000	boundary	280000
chr10	642	25640000	655	26200000	domain	560000
chr10	656	26200000	658	26320000	boundary	120000
chr10	659	26320000	666	26640000	domain	320000
chr10	667	26640000	676	27040000	gap	400000
chr10	677	27040000	682	27280000	domain	240000
chr10	683	27280000	684	27360000	gap	80000
chr10	685	27360000	706	28240000	domain	880000
chr10	707	28240000	710	28400000	domain	160000
chr10	711	28400000	716	28640000	domain	240000
chr10	717	28640000	734	29360000	domain	720000
chr10	735	29360000	744	29760000	domain	400000
chr10	745	29760000	750	30000000	domain	240000
chr10	751	30000000	759	30360000	domain	360000
chr10	760	30360000	767	30680000	domain	320000
chr10	768	30680000	795	31800000	domain	1120000
chr10	796	31800000	806	32240000	domain	440000
chr10	807	32240000	810	32400000	domain	160000
chr10	811	32400000	819	32760000	domain	360000
chr10	820	32760000	826	33040000	domain	280000
chr10	827	33040000	829	33160000	boundary	120000
chr10	830	33160000	833	33320000	domain	160000
chr10	834	33320000	866	34640000	domain	1320000
chr10	867	34640000	876	35040000	domain	400000
chr10	877	35040000	881	35240000	domain	200000
chr10	882	35240000	891	35640000	domain	400000
chr10	892	35640000	898	35920000	domain	280000
chr10	899	35920000	927	37080000	domain	1160000
chr10	928	37080000	930	37200000	gap	120000
chr10	931	37200000	944	37760000	boundary	560000
chr10	945	37760000	946	37840000	boundary	80000
chr10	947	37840000	955	38200000	domain	360000
chr10	956	38200000	1061	42440000	gap	4240000
chr10	1062	42440000	1070	42800000	domain	360000
chr10	1071	42800000	1078	43120000	domain	320000
chr10	1079	43120000	1092	43680000	domain	560000
chr10	1093	43680000	1108	44320000	domain	640000
chr10	1109	44320000	1122	44880000	domain	560000
chr10	1123	44880000	1131	45240000	domain	360000
chr10	1132	45240000	1142	45680000	domain	440000
chr10	1143	45680000	1175	47000000	gap	1320000
chr10	1176	47000000	1186	47440000	domain	440000
chr10	1187	47440000	1205	48200000	gap	760000
chr10	1206	48200000	1217	48680000	domain	480000
chr10	1218	48680000	1223	48920000	domain	240000
chr10	1224	48920000	1239	49560000	domain	640000
chr10	1240	49560000	1246	49840000	domain	280000
chr10	1247	49840000	1255	50200000	gap	360000
chr10	1256	50200000	1267	50680000	domain	480000
chr10	1268	50680000	1270	50800000	gap	120000
chr10	1271	50800000	1276	51040000	domain	240000
chr10	1277	51040000	1285	51400000	domain	360000
chr10	1286	51400000	1300	52000000	domain	600000
chr10	1301	52000000	1306	52240000	domain	240000
chr10	1307	52240000	1320	52800000	domain	560000
chr10	1321	52800000	1330	53200000	domain	400000
chr10	1331	53200000	1341	53640000	domain	440000
chr10	1342	53640000	1352	54080000	domain	440000
chr10	1353	54080000	1361	54440000	domain	360000
chr10	1362	54440000	1367	54680000	domain	240000
chr10	1368	54680000	1374	54960000	domain	280000
chr10	1375	54960000	1388	55520000	domain	560000
chr10	1389	55520000	1394	55760000	domain	240000
chr10	1395	55760000	1395	55800000	gap	40000
chr10	1396	55800000	1413	56520000	domain	720000
chr10	1414	56520000	1419	56760000	domain	240000
chr10	1420	56760000	1422	56880000	boundary	120000
chr10	1423	56880000	1432	57280000	domain	400000
chr10	1433	57280000	1434	57360000	boundary	80000
chr10	1435	57360000	1441	57640000	domain	280000
chr10	1442	57640000	1454	58160000	domain	520000
chr10	1455	58160000	1460	58400000	domain	240000
chr10	1461	58400000	1470	58800000	domain	400000
chr10	1471	58800000	1481	59240000	domain	440000
chr10	1482	59240000	1490	59600000	domain	360000
chr10	1491	59600000	1502	60080000	domain	480000
chr10	1503	60080000	1511	60440000	domain	360000
chr10	1512	60440000	1520	60800000	domain	360000
chr10	1521	60800000	1557	62280000	domain	1480000
chr10	1558	62280000	1579	63160000	domain	880000
chr10	1580	63160000	1596	63840000	domain	680000
chr10	1597	63840000	1618	64720000	domain	880000
chr10	1619	64720000	1655	66200000	domain	1480000
chr10	1656	66200000	1673	66920000	domain	720000
chr10	1674	66920000	1680	67200000	domain	280000
chr10	1681	67200000	1685	67400000	gap	200000
chr10	1686	67400000	1695	67800000	domain	400000
chr10	1696	67800000	1709	68360000	domain	560000
chr10	1710	68360000	1719	68760000	domain	400000
chr10	1720	68760000	1723	68920000	domain	160000
chr10	1724	68920000	1730	69200000	domain	280000
chr10	1731	69200000	1735	69400000	domain	200000
chr10	1736	69400000	1749	69960000	domain	560000
chr10	1750	69960000	1754	70160000	domain	200000
chr10	1755	70160000	1761	70440000	domain	280000
chr10	1762	70440000	1770	70800000	domain	360000
chr10	1771	70800000	1773	70920000	domain	120000
chr10	1774	70920000	1782	71280000	domain	360000
chr10	1783	71280000	1793	71720000	domain	440000
chr10	1794	71720000	1796	71840000	domain	120000
chr10	1797	71840000	1809	72360000	domain	520000
chr10	1810	72360000	1827	73080000	domain	720000
chr10	1828	73080000	1842	73680000	domain	600000
chr10	1843	73680000	1843	73720000	gap	40000
chr10	1844	73720000	1856	74240000	domain	520000
chr10	1857	74240000	1878	75120000	domain	880000
chr10	1879	75120000	1881	75240000	domain	120000
chr10	1882	75240000	1885	75400000	domain	160000
chr10	1886	75400000	1908	76320000	domain	920000
chr10	1909	76320000	1914	76560000	domain	240000
chr10	1915	76560000	1928	77120000	domain	560000
chr10	1929	77120000	1943	77720000	domain	600000
chr10	1944	77720000	1951	78040000	domain	320000
chr10	1952	78040000	1957	78280000	domain	240000
chr10	1958	78280000	1988	79520000	domain	1240000
chr10	1989	79520000	1998	79920000	gap	400000
chr10	1999	79920000	2005	80200000	domain	280000
chr10	2006	80200000	2006	80240000	gap	40000
chr10	2007	80240000	2015	80600000	domain	360000
chr10	2016	80600000	2024	80960000	domain	360000
chr10	2025	80960000	2069	82760000	domain	1800000
chr10	2070	82760000	2097	83880000	domain	1120000
chr10	2098	83880000	2103	84120000	domain	240000
chr10	2104	84120000	2114	84560000	domain	440000
chr10	2115	84560000	2121	84840000	domain	280000
chr10	2122	84840000	2137	85480000	domain	640000
chr10	2138	85480000	2159	86360000	domain	880000
chr10	2160	86360000	2166	86640000	domain	280000
chr10	2167	86640000	2175	87000000	domain	360000
chr10	2176	87000000	2189	87560000	gap	560000
chr10	2190	87560000	2195	87800000	domain	240000
chr10	2196	87800000	2219	88760000	gap	960000
chr10	2220	88760000	2226	89040000	domain	280000
chr10	2227	89040000	2227	89080000	gap	40000
chr10	2228	89080000	2244	89760000	domain	680000
chr10	2245	89760000	2272	90880000	domain	1120000
chr10	2273	90880000	2285	91400000	domain	520000
chr10	2286	91400000	2288	91520000	gap	120000
chr10	2289	91520000	2295	91800000	domain	280000
chr10	2296	91800000	2297	91880000	gap	80000
chr10	2298	91880000	2315	92600000	domain	720000
chr10	2316	92600000	2322	92880000	domain	280000
chr10	2323	92880000	2327	93080000	domain	200000
chr10	2328	93080000	2334	93360000	domain	280000
chr10	2335	93360000	2338	93520000	domain	160000
chr10	2339	93520000	2347	93880000	domain	360000
chr10	2348	93880000	2358	94320000	domain	440000
chr10	2359	94320000	2364	94560000	domain	240000
chr10	2365	94560000	2379	95160000	domain	600000
chr10	2380	95160000	2384	95360000	domain	200000
chr10	2385	95360000	2391	95640000	domain	280000
chr10	2392	95640000	2398	95920000	domain	280000
chr10	2399	95920000	2409	96360000	domain	440000
chr10	2410	96360000	2426	97040000	domain	680000
chr10	2427	97040000	2432	97280000	domain	240000
chr10	2433	97280000	2435	97400000	domain	120000
chr10	2436	97400000	2442	97680000	domain	280000
chr10	2443	97680000	2444	97760000	boundary	80000
chr10	2445	97760000	2454	98160000	domain	400000
chr10	2455	98160000	2462	98480000	domain	320000
chr10	2463	98480000	2483	99320000	domain	840000
chr10	2484	99320000	2491	99640000	domain	320000
chr10	2492	99640000	2493	99720000	boundary	80000
chr10	2494	99720000	2506	100240000	domain	520000
chr10	2507	100240000	2513	100520000	domain	280000
chr10	2514	100520000	2526	101040000	domain	520000
chr10	2527	101040000	2540	101600000	domain	560000
chr10	2541	101600000	2545	101800000	domain	200000
chr10	2546	101800000	2553	102120000	domain	320000
chr10	2554	102120000	2560	102400000	domain	280000
chr10	2561	102400000	2566	102640000	domain	240000
chr10	2567	102640000	2584	103360000	domain	720000
chr10	2585	103360000	2592	103680000	domain	320000
chr10	2593	103680000	2597	103880000	domain	200000
chr10	2598	103880000	2607	104280000	domain	400000
chr10	2608	104280000	2609	104360000	boundary	80000
chr10	2610	104360000	2616	104640000	domain	280000
chr10	2617	104640000	2624	104960000	domain	320000
chr10	2625	104960000	2632	105280000	domain	320000
chr10	2633	105280000	2652	106080000	domain	800000
chr10	2653	106080000	2663	106520000	boundary	440000
chr10	2664	106520000	2665	106600000	boundary	80000
chr10	2666	106600000	2681	107240000	domain	640000
chr10	2682	107240000	2684	107360000	boundary	120000
chr10	2685	107360000	2696	107840000	boundary	480000
chr10	2697	107840000	2703	108120000	domain	280000
chr10	2704	108120000	2708	108320000	domain	200000
chr10	2709	108320000	2714	108560000	domain	240000
chr10	2715	108560000	2725	109000000	domain	440000
chr10	2726	109000000	2735	109400000	domain	400000
chr10	2736	109400000	2746	109840000	domain	440000
chr10	2747	109840000	2757	110280000	domain	440000
chr10	2758	110280000	2765	110600000	domain	320000
chr10	2766	110600000	2776	111040000	domain	440000
chr10	2777	111040000	2793	111720000	domain	680000
chr10	2794	111720000	2804	112160000	domain	440000
chr10	2805	112160000	2812	112480000	domain	320000
chr10	2813	112480000	2829	113160000	domain	680000
chr10	2830	113160000	2842	113680000	domain	520000
chr10	2843	113680000	2853	114120000	domain	440000
chr10	2854	114120000	2862	114480000	domain	360000
chr10	2863	114480000	2871	114840000	domain	360000
chr10	2872	114840000	2879	115160000	domain	320000
chr10	2880	115160000	2886	115440000	domain	280000
chr10	2887	115440000	2911	116440000	domain	1000000
chr10	2912	116440000	2920	116800000	domain	360000
chr10	2921	116800000	2930	117200000	domain	400000
chr10	2931	117200000	2937	117480000	domain	280000
chr10	2938	117480000	2956	118240000	domain	760000
chr10	2957	118240000	2964	118560000	domain	320000
chr10	2965	118560000	2976	119040000	domain	480000
chr10	2977	119040000	2979	119160000	boundary	120000
chr10	2980	119160000	2990	119600000	domain	440000
chr10	2991	119600000	2998	119920000	domain	320000
chr10	2999	119920000	3023	120920000	domain	1000000
chr10	3024	120920000	3040	121600000	domain	680000
chr10	3041	121600000	3048	121920000	domain	320000
chr10	3049	121920000	3054	122160000	domain	240000
chr10	3055	122160000	3065	122600000	domain	440000
chr10	3066	122600000	3075	123000000	domain	400000
chr10	3076	123000000	3089	123560000	domain	560000
chr10	3090	123560000	3099	123960000	domain	400000
chr10	3100	123960000	3110	124400000	domain	440000
chr10	3111	124400000	3123	124920000	domain	520000
chr10	3124	124920000	3129	125160000	domain	240000
chr10	3130	125160000	3146	125840000	domain	680000
chr10	3147	125840000	3163	126520000	domain	680000
chr10	3164	126520000	3172	126880000	domain	360000
chr10	3173	126880000	3187	127480000	domain	600000
chr10	3188	127480000	3197	127880000	domain	400000
chr10	3198	127880000	3205	128200000	domain	320000
chr10	3206	128200000	3214	128560000	domain	360000
chr10	3215	128560000	3226	129040000	domain	480000
chr10	3227	129040000	3254	130160000	domain	1120000
chr10	3255	130160000	3266	130640000	domain	480000
chr10	3267	130640000	3283	131320000	domain	680000
chr10	3284	131320000	3296	131840000	domain	520000
chr10	3297	131840000	3304	132160000	domain	320000
chr10	3305	132160000	3316	132640000	domain	480000
chr10	3317	132640000	3320	132800000	domain	160000
chr10	3321	132800000	3332	133280000	domain	480000
chr10	3333	133280000	3340	133600000	domain	320000
chr10	3341	133600000	3345	133797422	gap	197422
