chr	from.id	from.coord	to.id	to.coord	tag	size
chr12	1	0	1	40000	gap	40000
chr12	2	40000	10	400000	domain	360000
chr12	11	400000	14	560000	domain	160000
chr12	15	560000	28	1120000	domain	560000
chr12	29	1120000	40	1600000	domain	480000
chr12	41	1600000	51	2040000	domain	440000
chr12	52	2040000	57	2280000	domain	240000
chr12	58	2280000	67	2680000	domain	400000
chr12	68	2680000	70	2800000	domain	120000
chr12	71	2800000	76	3040000	domain	240000
chr12	77	3040000	83	3320000	domain	280000
chr12	84	3320000	97	3880000	domain	560000
chr12	98	3880000	107	4280000	domain	400000
chr12	108	4280000	114	4560000	domain	280000
chr12	115	4560000	120	4800000	domain	240000
chr12	121	4800000	129	5160000	domain	360000
chr12	130	5160000	148	5920000	domain	760000
chr12	149	5920000	158	6320000	domain	400000
chr12	159	6320000	164	6560000	domain	240000
chr12	165	6560000	172	6880000	domain	320000
chr12	173	6880000	180	7200000	domain	320000
chr12	181	7200000	192	7680000	domain	480000
chr12	193	7680000	196	7840000	domain	160000
chr12	197	7840000	204	8160000	domain	320000
chr12	205	8160000	211	8440000	gap	280000
chr12	212	8440000	232	9280000	domain	840000
chr12	233	9280000	240	9600000	gap	320000
chr12	241	9600000	258	10320000	domain	720000
chr12	259	10320000	261	10440000	gap	120000
chr12	262	10440000	269	10760000	domain	320000
chr12	270	10760000	282	11280000	domain	520000
chr12	283	11280000	283	11320000	gap	40000
chr12	284	11320000	301	12040000	domain	720000
chr12	302	12040000	309	12360000	domain	320000
chr12	310	12360000	319	12760000	domain	400000
chr12	320	12760000	325	13000000	domain	240000
chr12	326	13000000	332	13280000	domain	280000
chr12	333	13280000	341	13640000	domain	360000
chr12	342	13640000	354	14160000	domain	520000
chr12	355	14160000	368	14720000	domain	560000
chr12	369	14720000	375	15000000	domain	280000
chr12	376	15000000	382	15280000	domain	280000
chr12	383	15280000	388	15520000	domain	240000
chr12	389	15520000	398	15920000	domain	400000
chr12	399	15920000	410	16400000	domain	480000
chr12	411	16400000	423	16920000	domain	520000
chr12	424	16920000	442	17680000	domain	760000
chr12	443	17680000	452	18080000	domain	400000
chr12	453	18080000	470	18800000	domain	720000
chr12	471	18800000	493	19720000	domain	920000
chr12	494	19720000	519	20760000	domain	1040000
chr12	520	20760000	520	20800000	gap	40000
chr12	521	20800000	530	21200000	domain	400000
chr12	531	21200000	542	21680000	domain	480000
chr12	543	21680000	551	22040000	domain	360000
chr12	552	22040000	560	22400000	domain	360000
chr12	561	22400000	561	22440000	gap	40000
chr12	562	22440000	567	22680000	domain	240000
chr12	568	22680000	621	24840000	domain	2160000
chr12	622	24840000	629	25160000	domain	320000
chr12	630	25160000	636	25440000	domain	280000
chr12	637	25440000	652	26080000	domain	640000
chr12	653	26080000	667	26680000	domain	600000
chr12	668	26680000	671	26840000	domain	160000
chr12	672	26840000	683	27320000	domain	480000
chr12	684	27320000	693	27720000	domain	400000
chr12	694	27720000	699	27960000	domain	240000
chr12	700	27960000	726	29040000	domain	1080000
chr12	727	29040000	733	29320000	domain	280000
chr12	734	29320000	738	29520000	domain	200000
chr12	739	29520000	764	30560000	domain	1040000
chr12	765	30560000	776	31040000	domain	480000
chr12	777	31040000	780	31200000	gap	160000
chr12	781	31200000	791	31640000	domain	440000
chr12	792	31640000	801	32040000	domain	400000
chr12	802	32040000	808	32320000	domain	280000
chr12	809	32320000	818	32720000	domain	400000
chr12	819	32720000	824	32960000	domain	240000
chr12	825	32960000	849	33960000	domain	1000000
chr12	850	33960000	855	34200000	gap	240000
chr12	856	34200000	859	34360000	domain	160000
chr12	860	34360000	951	38040000	gap	3680000
chr12	952	38040000	959	38360000	domain	320000
chr12	960	38360000	972	38880000	domain	520000
chr12	973	38880000	982	39280000	domain	400000
chr12	983	39280000	994	39760000	domain	480000
chr12	995	39760000	1004	40160000	domain	400000
chr12	1005	40160000	1007	40280000	boundary	120000
chr12	1008	40280000	1015	40600000	domain	320000
chr12	1016	40600000	1024	40960000	domain	360000
chr12	1025	40960000	1032	41280000	domain	320000
chr12	1033	41280000	1042	41680000	domain	400000
chr12	1043	41680000	1052	42080000	domain	400000
chr12	1053	42080000	1061	42440000	domain	360000
chr12	1062	42440000	1084	43360000	domain	920000
chr12	1085	43360000	1093	43720000	domain	360000
chr12	1094	43720000	1098	43920000	domain	200000
chr12	1099	43920000	1124	44960000	domain	1040000
chr12	1125	44960000	1128	45120000	domain	160000
chr12	1129	45120000	1137	45480000	domain	360000
chr12	1138	45480000	1150	46000000	domain	520000
chr12	1151	46000000	1159	46360000	domain	360000
chr12	1160	46360000	1167	46680000	domain	320000
chr12	1168	46680000	1175	47000000	domain	320000
chr12	1176	47000000	1186	47440000	domain	440000
chr12	1187	47440000	1191	47640000	domain	200000
chr12	1192	47640000	1197	47880000	domain	240000
chr12	1198	47880000	1205	48200000	domain	320000
chr12	1206	48200000	1216	48640000	domain	440000
chr12	1217	48640000	1226	49040000	domain	400000
chr12	1227	49040000	1232	49280000	domain	240000
chr12	1233	49280000	1240	49600000	domain	320000
chr12	1241	49600000	1246	49840000	domain	240000
chr12	1247	49840000	1252	50080000	domain	240000
chr12	1253	50080000	1261	50440000	domain	360000
chr12	1262	50440000	1269	50760000	domain	320000
chr12	1270	50760000	1276	51040000	domain	280000
chr12	1277	51040000	1284	51360000	domain	320000
chr12	1285	51360000	1297	51880000	domain	520000
chr12	1298	51880000	1303	52120000	boundary	240000
chr12	1304	52120000	1309	52360000	domain	240000
chr12	1310	52360000	1322	52880000	domain	520000
chr12	1323	52880000	1325	53000000	boundary	120000
chr12	1326	53000000	1333	53320000	domain	320000
chr12	1334	53320000	1336	53440000	domain	120000
chr12	1337	53440000	1338	53520000	boundary	80000
chr12	1339	53520000	1344	53760000	domain	240000
chr12	1345	53760000	1350	54000000	domain	240000
chr12	1351	54000000	1356	54240000	domain	240000
chr12	1357	54240000	1362	54480000	domain	240000
chr12	1363	54480000	1368	54720000	boundary	240000
chr12	1369	54720000	1379	55160000	domain	440000
chr12	1380	55160000	1391	55640000	domain	480000
chr12	1392	55640000	1401	56040000	domain	400000
chr12	1402	56040000	1418	56720000	domain	680000
chr12	1419	56720000	1425	57000000	domain	280000
chr12	1426	57000000	1431	57240000	domain	240000
chr12	1432	57240000	1438	57520000	domain	280000
chr12	1439	57520000	1444	57760000	domain	240000
chr12	1445	57760000	1449	57960000	domain	200000
chr12	1450	57960000	1458	58320000	domain	360000
chr12	1459	58320000	1471	58840000	domain	520000
chr12	1472	58840000	1479	59160000	domain	320000
chr12	1480	59160000	1496	59840000	domain	680000
chr12	1497	59840000	1513	60520000	domain	680000
chr12	1514	60520000	1550	62000000	domain	1480000
chr12	1551	62000000	1556	62240000	domain	240000
chr12	1557	62240000	1570	62800000	domain	560000
chr12	1571	62800000	1577	63080000	domain	280000
chr12	1578	63080000	1588	63520000	domain	440000
chr12	1589	63520000	1594	63760000	gap	240000
chr12	1595	63760000	1610	64400000	domain	640000
chr12	1611	64400000	1620	64800000	domain	400000
chr12	1621	64800000	1629	65160000	domain	360000
chr12	1630	65160000	1632	65280000	domain	120000
chr12	1633	65280000	1639	65560000	domain	280000
chr12	1640	65560000	1653	66120000	domain	560000
chr12	1654	66120000	1682	67280000	domain	1160000
chr12	1683	67280000	1700	68000000	domain	720000
chr12	1701	68000000	1708	68320000	domain	320000
chr12	1709	68320000	1721	68840000	domain	520000
chr12	1722	68840000	1732	69280000	domain	440000
chr12	1733	69280000	1741	69640000	domain	360000
chr12	1742	69640000	1747	69880000	domain	240000
chr12	1748	69880000	1764	70560000	domain	680000
chr12	1765	70560000	1785	71400000	domain	840000
chr12	1786	71400000	1791	71640000	domain	240000
chr12	1792	71640000	1794	71760000	domain	120000
chr12	1795	71760000	1799	71960000	domain	200000
chr12	1800	71960000	1808	72320000	domain	360000
chr12	1809	72320000	1846	73840000	domain	1520000
chr12	1847	73840000	1860	74400000	domain	560000
chr12	1861	74400000	1867	74680000	domain	280000
chr12	1868	74680000	1883	75320000	domain	640000
chr12	1884	75320000	1888	75520000	domain	200000
chr12	1889	75520000	1901	76040000	domain	520000
chr12	1902	76040000	1915	76600000	domain	560000
chr12	1916	76600000	1926	77040000	domain	440000
chr12	1927	77040000	1942	77680000	domain	640000
chr12	1943	77680000	1949	77960000	domain	280000
chr12	1950	77960000	1980	79200000	domain	1240000
chr12	1981	79200000	1986	79440000	domain	240000
chr12	1987	79440000	1987	79480000	gap	40000
chr12	1988	79480000	1994	79760000	domain	280000
chr12	1995	79760000	2008	80320000	domain	560000
chr12	2009	80320000	2019	80760000	domain	440000
chr12	2020	80760000	2032	81280000	domain	520000
chr12	2033	81280000	2041	81640000	domain	360000
chr12	2042	81640000	2059	82360000	domain	720000
chr12	2060	82360000	2066	82640000	domain	280000
chr12	2067	82640000	2112	84480000	domain	1840000
chr12	2113	84480000	2121	84840000	domain	360000
chr12	2122	84840000	2127	85080000	domain	240000
chr12	2128	85080000	2137	85480000	domain	400000
chr12	2138	85480000	2149	85960000	domain	480000
chr12	2150	85960000	2201	88040000	domain	2080000
chr12	2202	88040000	2225	89000000	domain	960000
chr12	2226	89000000	2238	89520000	domain	520000
chr12	2239	89520000	2273	90920000	domain	1400000
chr12	2274	90920000	2284	91360000	domain	440000
chr12	2285	91360000	2317	92680000	domain	1320000
chr12	2318	92680000	2324	92960000	domain	280000
chr12	2325	92960000	2336	93440000	domain	480000
chr12	2337	93440000	2353	94120000	domain	680000
chr12	2354	94120000	2363	94520000	domain	400000
chr12	2364	94520000	2376	95040000	domain	520000
chr12	2377	95040000	2389	95560000	domain	520000
chr12	2390	95560000	2397	95880000	domain	320000
chr12	2398	95880000	2414	96560000	domain	680000
chr12	2415	96560000	2425	97000000	domain	440000
chr12	2426	97000000	2435	97400000	domain	400000
chr12	2436	97400000	2450	98000000	domain	600000
chr12	2451	98000000	2460	98400000	domain	400000
chr12	2461	98400000	2467	98680000	domain	280000
chr12	2468	98680000	2476	99040000	domain	360000
chr12	2477	99040000	2495	99800000	domain	760000
chr12	2496	99800000	2507	100280000	domain	480000
chr12	2508	100280000	2520	100800000	domain	520000
chr12	2521	100800000	2533	101320000	domain	520000
chr12	2534	101320000	2535	101400000	boundary	80000
chr12	2536	101400000	2547	101880000	domain	480000
chr12	2548	101880000	2554	102160000	domain	280000
chr12	2555	102160000	2571	102840000	domain	680000
chr12	2572	102840000	2589	103560000	domain	720000
chr12	2590	103560000	2603	104120000	domain	560000
chr12	2604	104120000	2610	104400000	domain	280000
chr12	2611	104400000	2627	105080000	domain	680000
chr12	2628	105080000	2635	105400000	domain	320000
chr12	2636	105400000	2655	106200000	domain	800000
chr12	2656	106200000	2659	106360000	domain	160000
chr12	2660	106360000	2674	106960000	domain	600000
chr12	2675	106960000	2678	107120000	domain	160000
chr12	2679	107120000	2691	107640000	domain	520000
chr12	2692	107640000	2698	107920000	domain	280000
chr12	2699	107920000	2713	108520000	domain	600000
chr12	2714	108520000	2722	108880000	domain	360000
chr12	2723	108880000	2727	109080000	domain	200000
chr12	2728	109080000	2735	109400000	domain	320000
chr12	2736	109400000	2747	109880000	domain	480000
chr12	2748	109880000	2761	110440000	domain	560000
chr12	2762	110440000	2773	110920000	domain	480000
chr12	2774	110920000	2784	111360000	domain	440000
chr12	2785	111360000	2792	111680000	domain	320000
chr12	2793	111680000	2796	111840000	domain	160000
chr12	2797	111840000	2811	112440000	domain	600000
chr12	2812	112440000	2822	112880000	domain	440000
chr12	2823	112880000	2829	113160000	domain	280000
chr12	2830	113160000	2837	113480000	domain	320000
chr12	2838	113480000	2849	113960000	domain	480000
chr12	2850	113960000	2864	114560000	domain	600000
chr12	2865	114560000	2894	115760000	domain	1200000
chr12	2895	115760000	2899	115960000	domain	200000
chr12	2900	115960000	2907	116280000	domain	320000
chr12	2908	116280000	2918	116720000	domain	440000
chr12	2919	116720000	2925	117000000	domain	280000
chr12	2926	117000000	2930	117200000	domain	200000
chr12	2931	117200000	2940	117600000	domain	400000
chr12	2941	117600000	2946	117840000	domain	240000
chr12	2947	117840000	2953	118120000	domain	280000
chr12	2954	118120000	2960	118400000	domain	280000
chr12	2961	118400000	2990	119600000	domain	1200000
chr12	2991	119600000	3000	120000000	domain	400000
chr12	3001	120000000	3005	120200000	domain	200000
chr12	3006	120200000	3008	120320000	boundary	120000
chr12	3009	120320000	3014	120560000	domain	240000
chr12	3015	120560000	3031	121240000	domain	680000
chr12	3032	121240000	3037	121480000	domain	240000
chr12	3038	121480000	3042	121680000	domain	200000
chr12	3043	121680000	3048	121920000	domain	240000
chr12	3049	121920000	3051	122040000	boundary	120000
chr12	3052	122040000	3056	122240000	domain	200000
chr12	3057	122240000	3063	122520000	domain	280000
chr12	3064	122520000	3069	122760000	domain	240000
chr12	3070	122760000	3075	123000000	domain	240000
chr12	3076	123000000	3081	123240000	domain	240000
chr12	3082	123240000	3094	123760000	domain	520000
chr12	3095	123760000	3101	124040000	domain	280000
chr12	3102	124040000	3108	124320000	domain	280000
chr12	3109	124320000	3114	124560000	domain	240000
chr12	3115	124560000	3123	124920000	domain	360000
chr12	3124	124920000	3138	125520000	domain	600000
chr12	3139	125520000	3143	125720000	domain	200000
chr12	3144	125720000	3152	126080000	domain	360000
chr12	3153	126080000	3169	126760000	domain	680000
chr12	3170	126760000	3185	127400000	domain	640000
chr12	3186	127400000	3191	127640000	domain	240000
chr12	3192	127640000	3203	128120000	domain	480000
chr12	3204	128120000	3219	128760000	domain	640000
chr12	3220	128760000	3231	129240000	domain	480000
chr12	3232	129240000	3250	130000000	domain	760000
chr12	3251	130000000	3259	130360000	domain	360000
chr12	3260	130360000	3271	130840000	domain	480000
chr12	3272	130840000	3282	131280000	domain	440000
chr12	3283	131280000	3283	131320000	gap	40000
chr12	3284	131320000	3292	131680000	domain	360000
chr12	3293	131680000	3305	132200000	domain	520000
chr12	3306	132200000	3305	132200000	gap	0
chr12	3306	132200000	3306	132240000	gap	40000
chr12	3307	132240000	3316	132640000	domain	400000
chr12	3317	132640000	3323	132920000	domain	280000
chr12	3324	132920000	3332	133275309	domain	355309
