chr	from.id	from.coord	to.id	to.coord	tag	size
chr22	1	10600000	161	17040000	gap	6440000
chr22	162	17040000	174	17560000	domain	520000
chr22	175	17560000	180	17800000	domain	240000
chr22	181	17800000	189	18160000	domain	360000
chr22	190	18160000	209	18960000	gap	800000
chr22	210	18960000	222	19480000	domain	520000
chr22	223	19480000	228	19720000	domain	240000
chr22	229	19720000	234	19960000	domain	240000
chr22	235	19960000	236	20040000	boundary	80000
chr22	237	20040000	242	20280000	domain	240000
chr22	243	20280000	244	20360000	gap	80000
chr22	245	20360000	252	20680000	domain	320000
chr22	253	20680000	253	20720000	gap	40000
chr22	254	20720000	263	21120000	domain	400000
chr22	264	21120000	274	21560000	gap	440000
chr22	275	21560000	285	22000000	domain	440000
chr22	286	22000000	291	22240000	domain	240000
chr22	292	22240000	293	22320000	gap	80000
chr22	294	22320000	318	23320000	domain	1000000
chr22	319	23320000	322	23480000	gap	160000
chr22	323	23480000	333	23920000	domain	440000
chr22	334	23920000	335	24000000	gap	80000
chr22	336	24000000	341	24240000	domain	240000
chr22	342	24240000	342	24280000	gap	40000
chr22	343	24280000	350	24600000	domain	320000
chr22	351	24600000	352	24680000	gap	80000
chr22	353	24680000	358	24920000	domain	240000
chr22	359	24920000	366	25240000	domain	320000
chr22	367	25240000	368	25320000	gap	80000
chr22	369	25320000	380	25800000	domain	480000
chr22	381	25800000	394	26360000	domain	560000
chr22	395	26360000	402	26680000	domain	320000
chr22	403	26680000	431	27840000	domain	1160000
chr22	432	27840000	436	28040000	domain	200000
chr22	437	28040000	450	28600000	domain	560000
chr22	451	28600000	456	28840000	domain	240000
chr22	457	28840000	466	29240000	domain	400000
chr22	467	29240000	475	29600000	domain	360000
chr22	476	29600000	487	30080000	domain	480000
chr22	488	30080000	498	30520000	domain	440000
chr22	499	30520000	519	31360000	domain	840000
chr22	520	31360000	538	32120000	domain	760000
chr22	539	32120000	539	32160000	gap	40000
chr22	540	32160000	547	32480000	domain	320000
chr22	548	32480000	560	33000000	domain	520000
chr22	561	33000000	566	33240000	domain	240000
chr22	567	33240000	584	33960000	domain	720000
chr22	585	33960000	608	34920000	domain	960000
chr22	609	34920000	617	35280000	domain	360000
chr22	618	35280000	626	35640000	domain	360000
chr22	627	35640000	639	36160000	domain	520000
chr22	640	36160000	648	36520000	domain	360000
chr22	649	36520000	661	37040000	domain	520000
chr22	662	37040000	666	37240000	domain	200000
chr22	667	37240000	673	37520000	domain	280000
chr22	674	37520000	680	37800000	domain	280000
chr22	681	37800000	685	38000000	domain	200000
chr22	686	38000000	694	38360000	domain	360000
chr22	695	38360000	695	38400000	gap	40000
chr22	696	38400000	703	38720000	domain	320000
chr22	704	38720000	714	39160000	domain	440000
chr22	715	39160000	724	39560000	domain	400000
chr22	725	39560000	736	40040000	domain	480000
chr22	737	40040000	745	40400000	domain	360000
chr22	746	40400000	758	40920000	domain	520000
chr22	759	40920000	777	41680000	domain	760000
chr22	778	41680000	797	42480000	domain	800000
chr22	798	42480000	798	42520000	gap	40000
chr22	799	42520000	815	43200000	domain	680000
chr22	816	43200000	832	43880000	domain	680000
chr22	833	43880000	851	44640000	domain	760000
chr22	852	44640000	875	45600000	domain	960000
chr22	876	45600000	886	46040000	domain	440000
chr22	887	46040000	886	46040000	gap	0
chr22	887	46040000	887	46080000	gap	40000
chr22	888	46080000	894	46360000	domain	280000
chr22	895	46360000	899	46560000	domain	200000
chr22	900	46560000	905	46800000	domain	240000
chr22	906	46800000	915	47200000	domain	400000
chr22	916	47200000	926	47640000	domain	440000
chr22	927	47640000	948	48520000	domain	880000
chr22	949	48520000	968	49320000	domain	800000
chr22	969	49320000	978	49720000	domain	400000
chr22	979	49720000	983	49920000	domain	200000
chr22	984	49920000	991	50240000	domain	320000
chr22	992	50240000	1005	50800000	domain	560000
