chr	from.id	from.coord	to.id	to.coord	tag	size
chr8	1	40000	10	440000	gap	400000
chr8	11	440000	17	720000	domain	280000
chr8	18	720000	24	1000000	domain	280000
chr8	25	1000000	31	1280000	domain	280000
chr8	32	1280000	42	1720000	domain	440000
chr8	43	1720000	55	2240000	domain	520000
chr8	56	2240000	61	2480000	gap	240000
chr8	62	2480000	70	2840000	domain	360000
chr8	71	2840000	80	3240000	domain	400000
chr8	81	3240000	87	3520000	domain	280000
chr8	88	3520000	95	3840000	domain	320000
chr8	96	3840000	103	4160000	domain	320000
chr8	104	4160000	113	4560000	domain	400000
chr8	114	4560000	120	4840000	domain	280000
chr8	121	4840000	125	5040000	domain	200000
chr8	126	5040000	138	5560000	domain	520000
chr8	139	5560000	159	6400000	domain	840000
chr8	160	6400000	173	6960000	domain	560000
chr8	174	6960000	205	8240000	gap	1280000
chr8	206	8240000	218	8760000	domain	520000
chr8	219	8760000	224	9000000	domain	240000
chr8	225	9000000	233	9360000	domain	360000
chr8	234	9360000	245	9840000	domain	480000
chr8	246	9840000	249	10000000	domain	160000
chr8	250	10000000	258	10360000	domain	360000
chr8	259	10360000	270	10840000	domain	480000
chr8	271	10840000	282	11320000	domain	480000
chr8	283	11320000	288	11560000	domain	240000
chr8	289	11560000	293	11760000	domain	200000
chr8	294	11760000	299	12000000	domain	240000
chr8	300	12000000	316	12680000	gap	680000
chr8	317	12680000	325	13040000	domain	360000
chr8	326	13040000	333	13360000	domain	320000
chr8	334	13360000	342	13720000	domain	360000
chr8	343	13720000	347	13920000	domain	200000
chr8	348	13920000	361	14480000	domain	560000
chr8	362	14480000	368	14760000	domain	280000
chr8	369	14760000	373	14960000	domain	200000
chr8	374	14960000	384	15400000	domain	440000
chr8	385	15400000	391	15680000	domain	280000
chr8	392	15680000	402	16120000	domain	440000
chr8	403	16120000	413	16560000	domain	440000
chr8	414	16560000	418	16760000	domain	200000
chr8	419	16760000	430	17240000	domain	480000
chr8	431	17240000	438	17560000	domain	320000
chr8	439	17560000	447	17920000	domain	360000
chr8	448	17920000	471	18880000	domain	960000
chr8	472	18880000	483	19360000	domain	480000
chr8	484	19360000	495	19840000	domain	480000
chr8	496	19840000	504	20200000	domain	360000
chr8	505	20200000	509	20400000	domain	200000
chr8	510	20400000	525	21040000	domain	640000
chr8	526	21040000	530	21240000	domain	200000
chr8	531	21240000	546	21880000	domain	640000
chr8	547	21880000	555	22240000	domain	360000
chr8	556	22240000	564	22600000	domain	360000
chr8	565	22600000	575	23040000	domain	440000
chr8	576	23040000	585	23440000	domain	400000
chr8	586	23440000	593	23760000	domain	320000
chr8	594	23760000	605	24240000	domain	480000
chr8	606	24240000	611	24480000	domain	240000
chr8	612	24480000	620	24840000	domain	360000
chr8	621	24840000	628	25160000	domain	320000
chr8	629	25160000	637	25520000	domain	360000
chr8	638	25520000	646	25880000	domain	360000
chr8	647	25880000	651	26080000	domain	200000
chr8	652	26080000	659	26400000	domain	320000
chr8	660	26400000	667	26720000	domain	320000
chr8	668	26720000	681	27280000	domain	560000
chr8	682	27280000	689	27600000	domain	320000
chr8	690	27600000	694	27800000	domain	200000
chr8	695	27800000	700	28040000	domain	240000
chr8	701	28040000	707	28320000	domain	280000
chr8	708	28320000	719	28800000	domain	480000
chr8	720	28800000	727	29120000	domain	320000
chr8	728	29120000	732	29320000	domain	200000
chr8	733	29320000	742	29720000	domain	400000
chr8	743	29720000	750	30040000	domain	320000
chr8	751	30040000	753	30160000	domain	120000
chr8	754	30160000	759	30400000	domain	240000
chr8	760	30400000	765	30640000	domain	240000
chr8	766	30640000	770	30840000	domain	200000
chr8	771	30840000	779	31200000	domain	360000
chr8	780	31200000	788	31560000	domain	360000
chr8	789	31560000	804	32200000	domain	640000
chr8	805	32200000	813	32560000	domain	360000
chr8	814	32560000	819	32800000	domain	240000
chr8	820	32800000	820	32840000	gap	40000
chr8	821	32840000	827	33120000	domain	280000
chr8	828	33120000	834	33400000	domain	280000
chr8	835	33400000	840	33640000	domain	240000
chr8	841	33640000	859	34400000	domain	760000
chr8	860	34400000	865	34640000	domain	240000
chr8	866	34640000	877	35120000	domain	480000
chr8	878	35120000	885	35440000	domain	320000
chr8	886	35440000	897	35920000	domain	480000
chr8	898	35920000	902	36120000	domain	200000
chr8	903	36120000	911	36480000	domain	360000
chr8	912	36480000	920	36840000	domain	360000
chr8	921	36840000	943	37760000	domain	920000
chr8	944	37760000	948	37960000	domain	200000
chr8	949	37960000	952	38120000	domain	160000
chr8	953	38120000	959	38400000	domain	280000
chr8	960	38400000	967	38720000	domain	320000
chr8	968	38720000	977	39120000	domain	400000
chr8	978	39120000	983	39360000	domain	240000
chr8	984	39360000	987	39520000	gap	160000
chr8	988	39520000	996	39880000	domain	360000
chr8	997	39880000	1005	40240000	domain	360000
chr8	1006	40240000	1025	41040000	domain	800000
chr8	1026	41040000	1036	41480000	domain	440000
chr8	1037	41480000	1040	41640000	domain	160000
chr8	1041	41640000	1047	41920000	domain	280000
chr8	1048	41920000	1053	42160000	domain	240000
chr8	1054	42160000	1059	42400000	domain	240000
chr8	1060	42400000	1066	42680000	domain	280000
chr8	1067	42680000	1070	42840000	domain	160000
chr8	1071	42840000	1080	43240000	domain	400000
chr8	1081	43240000	1081	43280000	gap	40000
chr8	1082	43280000	1088	43560000	domain	280000
chr8	1089	43560000	1162	46520000	gap	2960000
chr8	1163	46520000	1167	46720000	domain	200000
chr8	1168	46720000	1171	46880000	boundary	160000
chr8	1172	46880000	1178	47160000	domain	280000
chr8	1179	47160000	1180	47240000	boundary	80000
chr8	1181	47240000	1193	47760000	domain	520000
chr8	1194	47760000	1201	48080000	domain	320000
chr8	1202	48080000	1223	48960000	domain	880000
chr8	1224	48960000	1233	49360000	domain	400000
chr8	1234	49360000	1235	49440000	boundary	80000
chr8	1236	49440000	1238	49560000	domain	120000
chr8	1239	49560000	1247	49920000	domain	360000
chr8	1248	49920000	1256	50280000	domain	360000
chr8	1257	50280000	1262	50520000	domain	240000
chr8	1263	50520000	1282	51320000	domain	800000
chr8	1283	51320000	1289	51600000	domain	280000
chr8	1290	51600000	1294	51800000	domain	200000
chr8	1295	51800000	1300	52040000	domain	240000
chr8	1301	52040000	1309	52400000	domain	360000
chr8	1310	52400000	1313	52560000	domain	160000
chr8	1314	52560000	1323	52960000	domain	400000
chr8	1324	52960000	1345	53840000	domain	880000
chr8	1346	53840000	1353	54160000	domain	320000
chr8	1354	54160000	1366	54680000	domain	520000
chr8	1367	54680000	1371	54880000	domain	200000
chr8	1372	54880000	1388	55560000	domain	680000
chr8	1389	55560000	1393	55760000	domain	200000
chr8	1394	55760000	1401	56080000	domain	320000
chr8	1402	56080000	1423	56960000	domain	880000
chr8	1424	56960000	1428	57160000	domain	200000
chr8	1429	57160000	1433	57360000	domain	200000
chr8	1434	57360000	1449	58000000	domain	640000
chr8	1450	58000000	1459	58400000	domain	400000
chr8	1460	58400000	1467	58720000	domain	320000
chr8	1468	58720000	1478	59160000	domain	440000
chr8	1479	59160000	1500	60040000	domain	880000
chr8	1501	60040000	1509	60400000	domain	360000
chr8	1510	60400000	1527	61120000	domain	720000
chr8	1528	61120000	1538	61560000	domain	440000
chr8	1539	61560000	1540	61640000	boundary	80000
chr8	1541	61640000	1545	61840000	domain	200000
chr8	1546	61840000	1577	63120000	domain	1280000
chr8	1578	63120000	1581	63280000	domain	160000
chr8	1582	63280000	1595	63840000	domain	560000
chr8	1596	63840000	1613	64560000	domain	720000
chr8	1614	64560000	1639	65600000	domain	1040000
chr8	1640	65600000	1650	66040000	domain	440000
chr8	1651	66040000	1659	66400000	domain	360000
chr8	1660	66400000	1666	66680000	domain	280000
chr8	1667	66680000	1687	67520000	domain	840000
chr8	1688	67520000	1694	67800000	domain	280000
chr8	1695	67800000	1712	68520000	domain	720000
chr8	1713	68520000	1740	69640000	domain	1120000
chr8	1741	69640000	1747	69920000	domain	280000
chr8	1748	69920000	1752	70120000	domain	200000
chr8	1753	70120000	1767	70720000	domain	600000
chr8	1768	70720000	1794	71800000	domain	1080000
chr8	1795	71800000	1801	72080000	domain	280000
chr8	1802	72080000	1805	72240000	domain	160000
chr8	1806	72240000	1822	72920000	domain	680000
chr8	1823	72920000	1831	73280000	domain	360000
chr8	1832	73280000	1841	73680000	domain	400000
chr8	1842	73680000	1851	74080000	domain	400000
chr8	1852	74080000	1858	74360000	domain	280000
chr8	1859	74360000	1873	74960000	domain	600000
chr8	1874	74960000	1881	75280000	domain	320000
chr8	1882	75280000	1889	75600000	domain	320000
chr8	1890	75600000	1890	75640000	gap	40000
chr8	1891	75640000	1940	77640000	domain	2000000
chr8	1941	77640000	1960	78440000	domain	800000
chr8	1961	78440000	1966	78680000	domain	240000
chr8	1967	78680000	1990	79640000	domain	960000
chr8	1991	79640000	2000	80040000	domain	400000
chr8	2001	80040000	2005	80240000	domain	200000
chr8	2006	80240000	2011	80480000	domain	240000
chr8	2012	80480000	2016	80680000	domain	200000
chr8	2017	80680000	2024	81000000	domain	320000
chr8	2025	81000000	2030	81240000	domain	240000
chr8	2031	81240000	2041	81680000	domain	440000
chr8	2042	81680000	2043	81760000	domain	80000
chr8	2044	81760000	2046	81880000	domain	120000
chr8	2047	81880000	2079	83200000	domain	1320000
chr8	2080	83200000	2084	83400000	domain	200000
chr8	2085	83400000	2114	84600000	domain	1200000
chr8	2115	84600000	2125	85040000	domain	440000
chr8	2126	85040000	2132	85320000	domain	280000
chr8	2133	85320000	2135	85440000	domain	120000
chr8	2136	85440000	2140	85640000	domain	200000
chr8	2141	85640000	2140	85640000	gap	0
chr8	2141	85640000	2145	85840000	gap	200000
chr8	2146	85840000	2164	86600000	domain	760000
chr8	2165	86600000	2169	86800000	domain	200000
chr8	2170	86800000	2189	87600000	domain	800000
chr8	2190	87600000	2205	88240000	domain	640000
chr8	2206	88240000	2210	88440000	domain	200000
chr8	2211	88440000	2242	89720000	domain	1280000
chr8	2243	89720000	2250	90040000	domain	320000
chr8	2251	90040000	2263	90560000	domain	520000
chr8	2264	90560000	2273	90960000	domain	400000
chr8	2274	90960000	2285	91440000	domain	480000
chr8	2286	91440000	2300	92040000	domain	600000
chr8	2301	92040000	2340	93640000	domain	1600000
chr8	2341	93640000	2349	94000000	domain	360000
chr8	2350	94000000	2359	94400000	domain	400000
chr8	2360	94400000	2375	95040000	domain	640000
chr8	2376	95040000	2381	95280000	domain	240000
chr8	2382	95280000	2395	95840000	domain	560000
chr8	2396	95840000	2405	96240000	domain	400000
chr8	2406	96240000	2438	97560000	domain	1320000
chr8	2439	97560000	2452	98120000	domain	560000
chr8	2453	98120000	2463	98560000	domain	440000
chr8	2464	98560000	2502	100120000	domain	1560000
chr8	2503	100120000	2513	100560000	domain	440000
chr8	2514	100560000	2520	100840000	domain	280000
chr8	2521	100840000	2532	101320000	domain	480000
chr8	2533	101320000	2540	101640000	domain	320000
chr8	2541	101640000	2555	102240000	domain	600000
chr8	2556	102240000	2570	102840000	domain	600000
chr8	2571	102840000	2576	103080000	domain	240000
chr8	2577	103080000	2587	103520000	domain	440000
chr8	2588	103520000	2592	103720000	domain	200000
chr8	2593	103720000	2611	104480000	domain	760000
chr8	2612	104480000	2618	104760000	domain	280000
chr8	2619	104760000	2629	105200000	domain	440000
chr8	2630	105200000	2646	105880000	domain	680000
chr8	2647	105880000	2663	106560000	domain	680000
chr8	2664	106560000	2675	107040000	domain	480000
chr8	2676	107040000	2689	107600000	domain	560000
chr8	2690	107600000	2694	107800000	domain	200000
chr8	2695	107800000	2717	108720000	domain	920000
chr8	2718	108720000	2721	108880000	domain	160000
chr8	2722	108880000	2732	109320000	domain	440000
chr8	2733	109320000	2742	109720000	domain	400000
chr8	2743	109720000	2753	110160000	domain	440000
chr8	2754	110160000	2770	110840000	domain	680000
chr8	2771	110840000	2796	111880000	domain	1040000
chr8	2797	111880000	2817	112720000	domain	840000
chr8	2818	112720000	2827	113120000	domain	400000
chr8	2828	113120000	2834	113400000	domain	280000
chr8	2835	113400000	2837	113520000	domain	120000
chr8	2838	113520000	2861	114480000	domain	960000
chr8	2862	114480000	2865	114640000	domain	160000
chr8	2866	114640000	2876	115080000	domain	440000
chr8	2877	115080000	2918	116760000	domain	1680000
chr8	2919	116760000	2926	117080000	domain	320000
chr8	2927	117080000	2932	117320000	domain	240000
chr8	2933	117320000	2934	117400000	boundary	80000
chr8	2935	117400000	2944	117800000	domain	400000
chr8	2945	117800000	2952	118120000	domain	320000
chr8	2953	118120000	2960	118440000	domain	320000
chr8	2961	118440000	2967	118720000	domain	280000
chr8	2968	118720000	2976	119080000	domain	360000
chr8	2977	119080000	2986	119480000	domain	400000
chr8	2987	119480000	2995	119840000	domain	360000
chr8	2996	119840000	3002	120120000	domain	280000
chr8	3003	120120000	3010	120440000	domain	320000
chr8	3011	120440000	3023	120960000	domain	520000
chr8	3024	120960000	3030	121240000	domain	280000
chr8	3031	121240000	3040	121640000	domain	400000
chr8	3041	121640000	3045	121840000	domain	200000
chr8	3046	121840000	3060	122440000	domain	600000
chr8	3061	122440000	3065	122640000	domain	200000
chr8	3066	122640000	3085	123440000	domain	800000
chr8	3086	123440000	3094	123800000	domain	360000
chr8	3095	123800000	3110	124440000	domain	640000
chr8	3111	124440000	3126	125080000	domain	640000
chr8	3127	125080000	3135	125440000	domain	360000
chr8	3136	125440000	3142	125720000	domain	280000
chr8	3143	125720000	3169	126800000	domain	1080000
chr8	3170	126800000	3192	127720000	domain	920000
chr8	3193	127720000	3244	129800000	domain	2080000
chr8	3245	129800000	3252	130120000	domain	320000
chr8	3253	130120000	3267	130720000	domain	600000
chr8	3268	130720000	3274	131000000	domain	280000
chr8	3275	131000000	3295	131840000	domain	840000
chr8	3296	131840000	3301	132080000	domain	240000
chr8	3302	132080000	3315	132640000	domain	560000
chr8	3316	132640000	3318	132760000	domain	120000
chr8	3319	132760000	3320	132840000	domain	80000
chr8	3321	132840000	3329	133200000	domain	360000
chr8	3330	133200000	3336	133480000	domain	280000
chr8	3337	133480000	3360	134440000	domain	960000
chr8	3361	134440000	3366	134680000	domain	240000
chr8	3367	134680000	3372	134920000	domain	240000
chr8	3373	134920000	3385	135440000	domain	520000
chr8	3386	135440000	3396	135880000	domain	440000
chr8	3397	135880000	3417	136720000	domain	840000
chr8	3418	136720000	3423	136960000	domain	240000
chr8	3424	136960000	3430	137240000	domain	280000
chr8	3431	137240000	3436	137480000	domain	240000
chr8	3437	137480000	3453	138160000	domain	680000
chr8	3454	138160000	3467	138720000	domain	560000
chr8	3468	138720000	3475	139040000	domain	320000
chr8	3476	139040000	3490	139640000	domain	600000
chr8	3491	139640000	3510	140440000	domain	800000
chr8	3511	140440000	3516	140680000	domain	240000
chr8	3517	140680000	3526	141080000	domain	400000
chr8	3527	141080000	3535	141440000	domain	360000
chr8	3536	141440000	3561	142480000	domain	1040000
chr8	3562	142480000	3569	142800000	domain	320000
chr8	3570	142800000	3576	143080000	domain	280000
chr8	3577	143080000	3581	143280000	domain	200000
chr8	3582	143280000	3589	143600000	domain	320000
chr8	3590	143600000	3594	143800000	domain	200000
chr8	3595	143800000	3602	144120000	domain	320000
chr8	3603	144120000	3612	144520000	domain	400000
chr8	3613	144520000	3618	144760000	domain	240000
chr8	3619	144760000	3624	145000000	domain	240000
chr8	3625	145000000	3626	145080000	domain	80000
