chr	from.id	from.coord	to.id	to.coord	tag	size
chr8	1	40000	10	440000	gap	400000
chr8	11	440000	18	760000	domain	320000
chr8	19	760000	25	1040000	domain	280000
chr8	26	1040000	42	1720000	domain	680000
chr8	43	1720000	55	2240000	domain	520000
chr8	56	2240000	61	2480000	gap	240000
chr8	62	2480000	70	2840000	domain	360000
chr8	71	2840000	77	3120000	domain	280000
chr8	78	3120000	79	3200000	boundary	80000
chr8	80	3200000	81	3280000	boundary	80000
chr8	82	3280000	88	3560000	domain	280000
chr8	89	3560000	105	4240000	domain	680000
chr8	106	4240000	112	4520000	domain	280000
chr8	113	4520000	119	4800000	domain	280000
chr8	120	4800000	126	5080000	domain	280000
chr8	127	5080000	130	5240000	domain	160000
chr8	131	5240000	138	5560000	domain	320000
chr8	139	5560000	140	5640000	domain	80000
chr8	141	5640000	145	5840000	domain	200000
chr8	146	5840000	153	6160000	domain	320000
chr8	154	6160000	159	6400000	domain	240000
chr8	160	6400000	173	6960000	domain	560000
chr8	174	6960000	205	8240000	gap	1280000
chr8	206	8240000	216	8680000	domain	440000
chr8	217	8680000	224	9000000	domain	320000
chr8	225	9000000	233	9360000	domain	360000
chr8	234	9360000	246	9880000	domain	520000
chr8	247	9880000	259	10400000	domain	520000
chr8	260	10400000	270	10840000	domain	440000
chr8	271	10840000	281	11280000	domain	440000
chr8	282	11280000	283	11360000	boundary	80000
chr8	284	11360000	293	11760000	domain	400000
chr8	294	11760000	299	12000000	domain	240000
chr8	300	12000000	317	12720000	gap	720000
chr8	318	12720000	325	13040000	domain	320000
chr8	326	13040000	341	13680000	domain	640000
chr8	342	13680000	353	14160000	domain	480000
chr8	354	14160000	359	14400000	domain	240000
chr8	360	14400000	367	14720000	domain	320000
chr8	368	14720000	376	15080000	domain	360000
chr8	377	15080000	384	15400000	domain	320000
chr8	385	15400000	419	16800000	domain	1400000
chr8	420	16800000	438	17560000	domain	760000
chr8	439	17560000	447	17920000	domain	360000
chr8	448	17920000	471	18880000	domain	960000
chr8	472	18880000	483	19360000	domain	480000
chr8	484	19360000	495	19840000	domain	480000
chr8	496	19840000	504	20200000	domain	360000
chr8	505	20200000	509	20400000	domain	200000
chr8	510	20400000	525	21040000	domain	640000
chr8	526	21040000	546	21880000	domain	840000
chr8	547	21880000	554	22200000	domain	320000
chr8	555	22200000	564	22600000	domain	400000
chr8	565	22600000	575	23040000	domain	440000
chr8	576	23040000	585	23440000	domain	400000
chr8	586	23440000	593	23760000	domain	320000
chr8	594	23760000	604	24200000	domain	440000
chr8	605	24200000	611	24480000	domain	280000
chr8	612	24480000	621	24880000	domain	400000
chr8	622	24880000	628	25160000	domain	280000
chr8	629	25160000	637	25520000	domain	360000
chr8	638	25520000	646	25880000	domain	360000
chr8	647	25880000	652	26120000	domain	240000
chr8	653	26120000	659	26400000	domain	280000
chr8	660	26400000	666	26680000	domain	280000
chr8	667	26680000	681	27280000	domain	600000
chr8	682	27280000	689	27600000	domain	320000
chr8	690	27600000	694	27800000	domain	200000
chr8	695	27800000	700	28040000	domain	240000
chr8	701	28040000	707	28320000	domain	280000
chr8	708	28320000	719	28800000	domain	480000
chr8	720	28800000	732	29320000	domain	520000
chr8	733	29320000	753	30160000	domain	840000
chr8	754	30160000	759	30400000	domain	240000
chr8	760	30400000	765	30640000	domain	240000
chr8	766	30640000	770	30840000	domain	200000
chr8	771	30840000	779	31200000	domain	360000
chr8	780	31200000	790	31640000	domain	440000
chr8	791	31640000	803	32160000	domain	520000
chr8	804	32160000	807	32320000	domain	160000
chr8	808	32320000	813	32560000	domain	240000
chr8	814	32560000	819	32800000	domain	240000
chr8	820	32800000	820	32840000	gap	40000
chr8	821	32840000	834	33400000	domain	560000
chr8	835	33400000	840	33640000	domain	240000
chr8	841	33640000	847	33920000	domain	280000
chr8	848	33920000	854	34200000	domain	280000
chr8	855	34200000	867	34720000	domain	520000
chr8	868	34720000	877	35120000	domain	400000
chr8	878	35120000	886	35480000	domain	360000
chr8	887	35480000	896	35880000	domain	400000
chr8	897	35880000	902	36120000	domain	240000
chr8	903	36120000	911	36480000	domain	360000
chr8	912	36480000	914	36600000	domain	120000
chr8	915	36600000	919	36800000	domain	200000
chr8	920	36800000	928	37160000	domain	360000
chr8	929	37160000	943	37760000	domain	600000
chr8	944	37760000	952	38120000	domain	360000
chr8	953	38120000	959	38400000	domain	280000
chr8	960	38400000	967	38720000	domain	320000
chr8	968	38720000	983	39360000	domain	640000
chr8	984	39360000	987	39520000	gap	160000
chr8	988	39520000	996	39880000	domain	360000
chr8	997	39880000	999	40000000	domain	120000
chr8	1000	40000000	1005	40240000	domain	240000
chr8	1006	40240000	1024	41000000	domain	760000
chr8	1025	41000000	1037	41520000	domain	520000
chr8	1038	41520000	1047	41920000	domain	400000
chr8	1048	41920000	1053	42160000	domain	240000
chr8	1054	42160000	1059	42400000	domain	240000
chr8	1060	42400000	1066	42680000	domain	280000
chr8	1067	42680000	1070	42840000	domain	160000
chr8	1071	42840000	1080	43240000	domain	400000
chr8	1081	43240000	1081	43280000	gap	40000
chr8	1082	43280000	1088	43560000	domain	280000
chr8	1089	43560000	1161	46480000	gap	2920000
chr8	1162	46480000	1166	46680000	domain	200000
chr8	1167	46680000	1170	46840000	boundary	160000
chr8	1171	46840000	1178	47160000	domain	320000
chr8	1179	47160000	1193	47760000	domain	600000
chr8	1194	47760000	1200	48040000	domain	280000
chr8	1201	48040000	1223	48960000	domain	920000
chr8	1224	48960000	1234	49400000	domain	440000
chr8	1235	49400000	1238	49560000	domain	160000
chr8	1239	49560000	1245	49840000	domain	280000
chr8	1246	49840000	1256	50280000	domain	440000
chr8	1257	50280000	1267	50720000	domain	440000
chr8	1268	50720000	1274	51000000	domain	280000
chr8	1275	51000000	1280	51240000	domain	240000
chr8	1281	51240000	1284	51400000	domain	160000
chr8	1285	51400000	1288	51560000	domain	160000
chr8	1289	51560000	1294	51800000	domain	240000
chr8	1295	51800000	1300	52040000	domain	240000
chr8	1301	52040000	1312	52520000	domain	480000
chr8	1313	52520000	1323	52960000	domain	440000
chr8	1324	52960000	1345	53840000	domain	880000
chr8	1346	53840000	1353	54160000	domain	320000
chr8	1354	54160000	1363	54560000	domain	400000
chr8	1364	54560000	1370	54840000	domain	280000
chr8	1371	54840000	1375	55040000	domain	200000
chr8	1376	55040000	1388	55560000	domain	520000
chr8	1389	55560000	1394	55800000	domain	240000
chr8	1395	55800000	1400	56040000	domain	240000
chr8	1401	56040000	1405	56240000	domain	200000
chr8	1406	56240000	1417	56720000	domain	480000
chr8	1418	56720000	1422	56920000	domain	200000
chr8	1423	56920000	1428	57160000	domain	240000
chr8	1429	57160000	1434	57400000	domain	240000
chr8	1435	57400000	1459	58400000	domain	1000000
chr8	1460	58400000	1467	58720000	domain	320000
chr8	1468	58720000	1498	59960000	domain	1240000
chr8	1499	59960000	1509	60400000	domain	440000
chr8	1510	60400000	1516	60680000	domain	280000
chr8	1517	60680000	1528	61160000	domain	480000
chr8	1529	61160000	1540	61640000	domain	480000
chr8	1541	61640000	1544	61800000	domain	160000
chr8	1545	61800000	1552	62120000	domain	320000
chr8	1553	62120000	1574	63000000	domain	880000
chr8	1575	63000000	1582	63320000	domain	320000
chr8	1583	63320000	1585	63440000	domain	120000
chr8	1586	63440000	1590	63640000	domain	200000
chr8	1591	63640000	1600	64040000	domain	400000
chr8	1601	64040000	1612	64520000	domain	480000
chr8	1613	64520000	1639	65600000	domain	1080000
chr8	1640	65600000	1650	66040000	domain	440000
chr8	1651	66040000	1660	66440000	domain	400000
chr8	1661	66440000	1666	66680000	domain	240000
chr8	1667	66680000	1686	67480000	domain	800000
chr8	1687	67480000	1695	67840000	domain	360000
chr8	1696	67840000	1712	68520000	domain	680000
chr8	1713	68520000	1740	69640000	domain	1120000
chr8	1741	69640000	1747	69920000	domain	280000
chr8	1748	69920000	1752	70120000	domain	200000
chr8	1753	70120000	1766	70680000	domain	560000
chr8	1767	70680000	1783	71360000	domain	680000
chr8	1784	71360000	1791	71680000	domain	320000
chr8	1792	71680000	1794	71800000	domain	120000
chr8	1795	71800000	1800	72040000	domain	240000
chr8	1801	72040000	1805	72240000	domain	200000
chr8	1806	72240000	1823	72960000	domain	720000
chr8	1824	72960000	1831	73280000	domain	320000
chr8	1832	73280000	1850	74040000	domain	760000
chr8	1851	74040000	1858	74360000	domain	320000
chr8	1859	74360000	1872	74920000	domain	560000
chr8	1873	74920000	1881	75280000	domain	360000
chr8	1882	75280000	1889	75600000	domain	320000
chr8	1890	75600000	1890	75640000	gap	40000
chr8	1891	75640000	1908	76360000	domain	720000
chr8	1909	76360000	1942	77720000	domain	1360000
chr8	1943	77720000	1958	78360000	domain	640000
chr8	1959	78360000	1960	78440000	domain	80000
chr8	1961	78440000	1966	78680000	domain	240000
chr8	1967	78680000	1972	78920000	domain	240000
chr8	1973	78920000	1990	79640000	domain	720000
chr8	1991	79640000	2000	80040000	domain	400000
chr8	2001	80040000	2005	80240000	domain	200000
chr8	2006	80240000	2011	80480000	domain	240000
chr8	2012	80480000	2024	81000000	domain	520000
chr8	2025	81000000	2030	81240000	domain	240000
chr8	2031	81240000	2041	81680000	domain	440000
chr8	2042	81680000	2047	81920000	domain	240000
chr8	2048	81920000	2056	82280000	domain	360000
chr8	2057	82280000	2063	82560000	domain	280000
chr8	2064	82560000	2082	83320000	domain	760000
chr8	2083	83320000	2096	83880000	domain	560000
chr8	2097	83880000	2115	84640000	domain	760000
chr8	2116	84640000	2126	85080000	domain	440000
chr8	2127	85080000	2132	85320000	domain	240000
chr8	2133	85320000	2135	85440000	domain	120000
chr8	2136	85440000	2140	85640000	domain	200000
chr8	2141	85640000	2145	85840000	gap	200000
chr8	2146	85840000	2150	86040000	domain	200000
chr8	2151	86040000	2158	86360000	domain	320000
chr8	2159	86360000	2163	86560000	domain	200000
chr8	2164	86560000	2170	86840000	domain	280000
chr8	2171	86840000	2179	87200000	domain	360000
chr8	2180	87200000	2188	87560000	domain	360000
chr8	2189	87560000	2199	88000000	domain	440000
chr8	2200	88000000	2207	88320000	domain	320000
chr8	2208	88320000	2214	88600000	domain	280000
chr8	2215	88600000	2241	89680000	domain	1080000
chr8	2242	89680000	2250	90040000	domain	360000
chr8	2251	90040000	2263	90560000	domain	520000
chr8	2264	90560000	2273	90960000	domain	400000
chr8	2274	90960000	2276	91080000	domain	120000
chr8	2277	91080000	2284	91400000	domain	320000
chr8	2285	91400000	2334	93400000	domain	2000000
chr8	2335	93400000	2341	93680000	domain	280000
chr8	2342	93680000	2349	94000000	domain	320000
chr8	2350	94000000	2359	94400000	domain	400000
chr8	2360	94400000	2369	94800000	domain	400000
chr8	2370	94800000	2375	95040000	domain	240000
chr8	2376	95040000	2381	95280000	domain	240000
chr8	2382	95280000	2405	96240000	domain	960000
chr8	2406	96240000	2407	96320000	domain	80000
chr8	2408	96320000	2438	97560000	domain	1240000
chr8	2439	97560000	2452	98120000	domain	560000
chr8	2453	98120000	2463	98560000	domain	440000
chr8	2464	98560000	2502	100120000	domain	1560000
chr8	2503	100120000	2513	100560000	domain	440000
chr8	2514	100560000	2520	100840000	domain	280000
chr8	2521	100840000	2532	101320000	domain	480000
chr8	2533	101320000	2541	101680000	domain	360000
chr8	2542	101680000	2555	102240000	domain	560000
chr8	2556	102240000	2570	102840000	domain	600000
chr8	2571	102840000	2576	103080000	domain	240000
chr8	2577	103080000	2587	103520000	domain	440000
chr8	2588	103520000	2592	103720000	domain	200000
chr8	2593	103720000	2611	104480000	domain	760000
chr8	2612	104480000	2618	104760000	domain	280000
chr8	2619	104760000	2631	105280000	domain	520000
chr8	2632	105280000	2646	105880000	domain	600000
chr8	2647	105880000	2663	106560000	domain	680000
chr8	2664	106560000	2671	106880000	domain	320000
chr8	2672	106880000	2675	107040000	domain	160000
chr8	2676	107040000	2688	107560000	domain	520000
chr8	2689	107560000	2688	107560000	gap	0
chr8	2689	107560000	2689	107600000	gap	40000
chr8	2690	107600000	2694	107800000	domain	200000
chr8	2695	107800000	2717	108720000	domain	920000
chr8	2718	108720000	2732	109320000	domain	600000
chr8	2733	109320000	2742	109720000	domain	400000
chr8	2743	109720000	2750	110040000	domain	320000
chr8	2751	110040000	2770	110840000	domain	800000
chr8	2771	110840000	2783	111360000	domain	520000
chr8	2784	111360000	2795	111840000	domain	480000
chr8	2796	111840000	2816	112680000	domain	840000
chr8	2817	112680000	2825	113040000	domain	360000
chr8	2826	113040000	2835	113440000	domain	400000
chr8	2836	113440000	2837	113520000	boundary	80000
chr8	2838	113520000	2851	114080000	domain	560000
chr8	2852	114080000	2861	114480000	domain	400000
chr8	2862	114480000	2876	115080000	domain	600000
chr8	2877	115080000	2910	116440000	domain	1360000
chr8	2911	116440000	2918	116760000	domain	320000
chr8	2919	116760000	2926	117080000	domain	320000
chr8	2927	117080000	2933	117360000	domain	280000
chr8	2934	117360000	2945	117840000	domain	480000
chr8	2946	117840000	2953	118160000	domain	320000
chr8	2954	118160000	2960	118440000	domain	280000
chr8	2961	118440000	2966	118680000	domain	240000
chr8	2967	118680000	2976	119080000	domain	400000
chr8	2977	119080000	2986	119480000	domain	400000
chr8	2987	119480000	2994	119800000	domain	320000
chr8	2995	119800000	3002	120120000	domain	320000
chr8	3003	120120000	3010	120440000	domain	320000
chr8	3011	120440000	3023	120960000	domain	520000
chr8	3024	120960000	3031	121280000	domain	320000
chr8	3032	121280000	3065	122640000	domain	1360000
chr8	3066	122640000	3085	123440000	domain	800000
chr8	3086	123440000	3093	123760000	domain	320000
chr8	3094	123760000	3110	124440000	domain	680000
chr8	3111	124440000	3126	125080000	domain	640000
chr8	3127	125080000	3135	125440000	domain	360000
chr8	3136	125440000	3142	125720000	domain	280000
chr8	3143	125720000	3147	125920000	domain	200000
chr8	3148	125920000	3156	126280000	domain	360000
chr8	3157	126280000	3161	126480000	domain	200000
chr8	3162	126480000	3169	126800000	domain	320000
chr8	3170	126800000	3192	127720000	domain	920000
chr8	3193	127720000	3243	129760000	domain	2040000
chr8	3244	129760000	3252	130120000	domain	360000
chr8	3253	130120000	3267	130720000	domain	600000
chr8	3268	130720000	3280	131240000	domain	520000
chr8	3281	131240000	3294	131800000	domain	560000
chr8	3295	131800000	3300	132040000	domain	240000
chr8	3301	132040000	3303	132160000	domain	120000
chr8	3304	132160000	3329	133200000	domain	1040000
chr8	3330	133200000	3336	133480000	domain	280000
chr8	3337	133480000	3350	134040000	domain	560000
chr8	3351	134040000	3366	134680000	domain	640000
chr8	3367	134680000	3372	134920000	domain	240000
chr8	3373	134920000	3385	135440000	domain	520000
chr8	3386	135440000	3410	136440000	domain	1000000
chr8	3411	136440000	3417	136720000	domain	280000
chr8	3418	136720000	3423	136960000	domain	240000
chr8	3424	136960000	3432	137320000	domain	360000
chr8	3433	137320000	3439	137600000	domain	280000
chr8	3440	137600000	3445	137840000	domain	240000
chr8	3446	137840000	3453	138160000	domain	320000
chr8	3454	138160000	3460	138440000	domain	280000
chr8	3461	138440000	3467	138720000	domain	280000
chr8	3468	138720000	3473	138960000	domain	240000
chr8	3474	138960000	3490	139640000	domain	680000
chr8	3491	139640000	3503	140160000	domain	520000
chr8	3504	140160000	3510	140440000	domain	280000
chr8	3511	140440000	3515	140640000	domain	200000
chr8	3516	140640000	3535	141440000	domain	800000
chr8	3536	141440000	3542	141720000	domain	280000
chr8	3543	141720000	3561	142480000	domain	760000
chr8	3562	142480000	3569	142800000	domain	320000
chr8	3570	142800000	3575	143040000	domain	240000
chr8	3576	143040000	3582	143320000	domain	280000
chr8	3583	143320000	3594	143800000	domain	480000
chr8	3595	143800000	3602	144120000	domain	320000
chr8	3603	144120000	3612	144520000	domain	400000
chr8	3613	144520000	3619	144800000	domain	280000
chr8	3620	144800000	3624	145000000	domain	200000
chr8	3625	145000000	3626	145080000	domain	80000
