chr	from.id	from.coord	to.id	to.coord	tag	size
chr4	1	0	2	80000	gap	80000
chr4	3	80000	25	1000000	domain	920000
chr4	26	1000000	26	1040000	gap	40000
chr4	27	1040000	42	1680000	domain	640000
chr4	43	1680000	48	1920000	boundary	240000
chr4	49	1920000	68	2720000	domain	800000
chr4	69	2720000	77	3080000	domain	360000
chr4	78	3080000	89	3560000	domain	480000
chr4	90	3560000	91	3640000	gap	80000
chr4	92	3640000	97	3880000	domain	240000
chr4	98	3880000	103	4120000	gap	240000
chr4	104	4120000	124	4960000	domain	840000
chr4	125	4960000	146	5840000	domain	880000
chr4	147	5840000	149	5960000	boundary	120000
chr4	150	5960000	166	6640000	domain	680000
chr4	167	6640000	178	7120000	domain	480000
chr4	179	7120000	193	7720000	domain	600000
chr4	194	7720000	204	8160000	domain	440000
chr4	205	8160000	215	8600000	domain	440000
chr4	216	8600000	216	8640000	gap	40000
chr4	217	8640000	226	9040000	domain	400000
chr4	227	9040000	242	9680000	gap	640000
chr4	243	9680000	255	10200000	domain	520000
chr4	256	10200000	256	10240000	gap	40000
chr4	257	10240000	294	11760000	domain	1520000
chr4	295	11760000	317	12680000	domain	920000
chr4	318	12680000	341	13640000	domain	960000
chr4	342	13640000	380	15200000	domain	1560000
chr4	381	15200000	407	16280000	domain	1080000
chr4	408	16280000	437	17480000	domain	1200000
chr4	438	17480000	466	18640000	domain	1160000
chr4	467	18640000	481	19240000	domain	600000
chr4	482	19240000	495	19800000	domain	560000
chr4	496	19800000	507	20280000	domain	480000
chr4	508	20280000	510	20400000	boundary	120000
chr4	511	20400000	518	20720000	domain	320000
chr4	519	20720000	529	21160000	domain	440000
chr4	530	21160000	538	21520000	domain	360000
chr4	539	21520000	544	21760000	boundary	240000
chr4	545	21760000	559	22360000	domain	600000
chr4	560	22360000	568	22720000	domain	360000
chr4	569	22720000	593	23720000	domain	1000000
chr4	594	23720000	611	24440000	domain	720000
chr4	612	24440000	629	25160000	domain	720000
chr4	630	25160000	635	25400000	domain	240000
chr4	636	25400000	649	25960000	domain	560000
chr4	650	25960000	661	26440000	domain	480000
chr4	662	26440000	676	27040000	domain	600000
chr4	677	27040000	696	27840000	domain	800000
chr4	697	27840000	727	29080000	domain	1240000
chr4	728	29080000	750	30000000	domain	920000
chr4	751	30000000	759	30360000	domain	360000
chr4	760	30360000	767	30680000	domain	320000
chr4	768	30680000	795	31800000	domain	1120000
chr4	796	31800000	796	31840000	gap	40000
chr4	797	31840000	813	32520000	domain	680000
chr4	814	32520000	822	32880000	domain	360000
chr4	823	32880000	824	32960000	boundary	80000
chr4	825	32960000	846	33840000	domain	880000
chr4	847	33840000	854	34160000	domain	320000
chr4	855	34160000	861	34440000	domain	280000
chr4	862	34440000	866	34640000	boundary	200000
chr4	867	34640000	898	35920000	domain	1280000
chr4	899	35920000	908	36320000	domain	400000
chr4	909	36320000	935	37400000	domain	1080000
chr4	936	37400000	951	38040000	domain	640000
chr4	952	38040000	969	38760000	domain	720000
chr4	970	38760000	986	39440000	domain	680000
chr4	987	39440000	1001	40040000	domain	600000
chr4	1002	40040000	1008	40320000	domain	280000
chr4	1009	40320000	1019	40760000	domain	440000
chr4	1020	40760000	1031	41240000	domain	480000
chr4	1032	41240000	1042	41680000	domain	440000
chr4	1043	41680000	1048	41920000	domain	240000
chr4	1049	41920000	1057	42280000	domain	360000
chr4	1058	42280000	1063	42520000	domain	240000
chr4	1064	42520000	1074	42960000	domain	440000
chr4	1075	42960000	1090	43600000	domain	640000
chr4	1091	43600000	1093	43720000	boundary	120000
chr4	1094	43720000	1117	44680000	boundary	960000
chr4	1118	44680000	1136	45440000	domain	760000
chr4	1137	45440000	1158	46320000	domain	880000
chr4	1159	46320000	1162	46480000	boundary	160000
chr4	1163	46480000	1170	46800000	boundary	320000
chr4	1171	46800000	1173	46920000	boundary	120000
chr4	1174	46920000	1186	47440000	domain	520000
chr4	1187	47440000	1190	47600000	boundary	160000
chr4	1191	47600000	1204	48160000	domain	560000
chr4	1205	48160000	1227	49080000	domain	920000
chr4	1228	49080000	1296	51840000	gap	2760000
chr4	1297	51840000	1313	52520000	domain	680000
chr4	1314	52520000	1325	53000000	domain	480000
chr4	1326	53000000	1347	53880000	domain	880000
chr4	1348	53880000	1357	54280000	domain	400000
chr4	1358	54280000	1374	54960000	domain	680000
chr4	1375	54960000	1383	55320000	domain	360000
chr4	1384	55320000	1397	55880000	domain	560000
chr4	1398	55880000	1409	56360000	domain	480000
chr4	1410	56360000	1426	57040000	domain	680000
chr4	1427	57040000	1472	58880000	domain	1840000
chr4	1473	58880000	1473	58920000	gap	40000
chr4	1474	58920000	1477	59080000	domain	160000
chr4	1478	59080000	1478	59120000	gap	40000
chr4	1479	59120000	1507	60280000	domain	1160000
chr4	1508	60280000	1513	60520000	boundary	240000
chr4	1514	60520000	1519	60760000	domain	240000
chr4	1520	60760000	1555	62200000	domain	1440000
chr4	1556	62200000	1581	63240000	domain	1040000
chr4	1582	63240000	1582	63280000	gap	40000
chr4	1583	63280000	1591	63640000	domain	360000
chr4	1592	63640000	1615	64600000	domain	960000
chr4	1616	64600000	1625	65000000	domain	400000
chr4	1626	65000000	1668	66720000	domain	1720000
chr4	1669	66720000	1685	67400000	domain	680000
chr4	1686	67400000	1693	67720000	domain	320000
chr4	1694	67720000	1713	68520000	domain	800000
chr4	1714	68520000	1717	68680000	gap	160000
chr4	1718	68680000	1730	69200000	domain	520000
chr4	1731	69200000	1736	69440000	gap	240000
chr4	1737	69440000	1765	70600000	domain	1160000
chr4	1766	70600000	1776	71040000	domain	440000
chr4	1777	71040000	1779	71160000	boundary	120000
chr4	1780	71160000	1793	71720000	domain	560000
chr4	1794	71720000	1807	72280000	domain	560000
chr4	1808	72280000	1826	73040000	domain	760000
chr4	1827	73040000	1832	73280000	domain	240000
chr4	1833	73280000	1841	73640000	domain	360000
chr4	1842	73640000	1854	74160000	domain	520000
chr4	1855	74160000	1870	74800000	domain	640000
chr4	1871	74800000	1888	75520000	domain	720000
chr4	1889	75520000	1899	75960000	domain	440000
chr4	1900	75960000	1903	76120000	boundary	160000
chr4	1904	76120000	1931	77240000	domain	1120000
chr4	1932	77240000	1948	77920000	domain	680000
chr4	1949	77920000	1963	78520000	domain	600000
chr4	1964	78520000	1973	78920000	domain	400000
chr4	1974	78920000	1998	79920000	domain	1000000
chr4	1999	79920000	1999	79960000	gap	40000
chr4	2000	79960000	2026	81040000	domain	1080000
chr4	2027	81040000	2035	81400000	domain	360000
chr4	2036	81400000	2047	81880000	domain	480000
chr4	2048	81880000	2059	82360000	domain	480000
chr4	2060	82360000	2073	82920000	domain	560000
chr4	2074	82920000	2087	83480000	domain	560000
chr4	2088	83480000	2092	83680000	domain	200000
chr4	2093	83680000	2114	84560000	domain	880000
chr4	2115	84560000	2126	85040000	domain	480000
chr4	2127	85040000	2144	85760000	domain	720000
chr4	2145	85760000	2151	86040000	domain	280000
chr4	2152	86040000	2162	86480000	domain	440000
chr4	2163	86480000	2173	86920000	domain	440000
chr4	2174	86920000	2181	87240000	domain	320000
chr4	2182	87240000	2187	87480000	domain	240000
chr4	2188	87480000	2200	88000000	domain	520000
chr4	2201	88000000	2205	88200000	domain	200000
chr4	2206	88200000	2213	88520000	domain	320000
chr4	2214	88520000	2217	88680000	boundary	160000
chr4	2218	88680000	2228	89120000	domain	440000
chr4	2229	89120000	2248	89920000	domain	800000
chr4	2249	89920000	2259	90360000	domain	440000
chr4	2260	90360000	2309	92360000	domain	2000000
chr4	2310	92360000	2344	93760000	domain	1400000
chr4	2345	93760000	2356	94240000	domain	480000
chr4	2357	94240000	2365	94600000	domain	360000
chr4	2366	94600000	2379	95160000	domain	560000
chr4	2380	95160000	2451	98040000	domain	2880000
chr4	2452	98040000	2461	98440000	domain	400000
chr4	2462	98440000	2477	99080000	domain	640000
chr4	2478	99080000	2488	99520000	domain	440000
chr4	2489	99520000	2500	100000000	domain	480000
chr4	2501	100000000	2502	100080000	boundary	80000
chr4	2503	100080000	2522	100880000	domain	800000
chr4	2523	100880000	2534	101360000	domain	480000
chr4	2535	101360000	2544	101760000	domain	400000
chr4	2545	101760000	2558	102320000	domain	560000
chr4	2559	102320000	2573	102920000	domain	600000
chr4	2574	102920000	2574	102960000	gap	40000
chr4	2575	102960000	2596	103840000	domain	880000
chr4	2597	103840000	2599	103960000	boundary	120000
chr4	2600	103960000	2622	104880000	domain	920000
chr4	2623	104880000	2637	105480000	domain	600000
chr4	2638	105480000	2643	105720000	domain	240000
chr4	2644	105720000	2659	106360000	domain	640000
chr4	2660	106360000	2694	107760000	domain	1400000
chr4	2695	107760000	2700	108000000	domain	240000
chr4	2701	108000000	2716	108640000	domain	640000
chr4	2717	108640000	2735	109400000	domain	760000
chr4	2736	109400000	2750	110000000	domain	600000
chr4	2751	110000000	2764	110560000	domain	560000
chr4	2765	110560000	2782	111280000	domain	720000
chr4	2783	111280000	2789	111560000	boundary	280000
chr4	2790	111560000	2801	112040000	domain	480000
chr4	2802	112040000	2815	112600000	domain	560000
chr4	2816	112600000	2825	113000000	domain	400000
chr4	2826	113000000	2834	113360000	boundary	360000
chr4	2835	113360000	2848	113920000	domain	560000
chr4	2849	113920000	2859	114360000	domain	440000
chr4	2860	114360000	2868	114720000	domain	360000
chr4	2869	114720000	2876	115040000	domain	320000
chr4	2877	115040000	2889	115560000	domain	520000
chr4	2890	115560000	2903	116120000	domain	560000
chr4	2904	116120000	2922	116880000	boundary	760000
chr4	2923	116880000	2925	117000000	boundary	120000
chr4	2926	117000000	2940	117600000	domain	600000
chr4	2941	117600000	2960	118400000	domain	800000
chr4	2961	118400000	2967	118680000	gap	280000
chr4	2968	118680000	2983	119320000	domain	640000
chr4	2984	119320000	2987	119480000	gap	160000
chr4	2988	119480000	3002	120080000	domain	600000
chr4	3003	120080000	3029	121160000	domain	1080000
chr4	3030	121160000	3046	121840000	domain	680000
chr4	3047	121840000	3065	122600000	domain	760000
chr4	3066	122600000	3075	123000000	domain	400000
chr4	3076	123000000	3092	123680000	domain	680000
chr4	3093	123680000	3108	124320000	domain	640000
chr4	3109	124320000	3133	125320000	domain	1000000
chr4	3134	125320000	3146	125840000	domain	520000
chr4	3147	125840000	3152	126080000	domain	240000
chr4	3153	126080000	3165	126600000	domain	520000
chr4	3166	126600000	3173	126920000	boundary	320000
chr4	3174	126920000	3189	127560000	domain	640000
chr4	3190	127560000	3194	127760000	boundary	200000
chr4	3195	127760000	3204	128160000	domain	400000
chr4	3205	128160000	3222	128880000	domain	720000
chr4	3223	128880000	3229	129160000	domain	280000
chr4	3230	129160000	3243	129720000	domain	560000
chr4	3244	129720000	3257	130280000	domain	560000
chr4	3258	130280000	3267	130680000	boundary	400000
chr4	3268	130680000	3271	130840000	boundary	160000
chr4	3272	130840000	3291	131640000	domain	800000
chr4	3292	131640000	3299	131960000	gap	320000
chr4	3300	131960000	3318	132720000	domain	760000
chr4	3319	132720000	3328	133120000	domain	400000
chr4	3329	133120000	3373	134920000	domain	1800000
chr4	3374	134920000	3392	135680000	boundary	760000
chr4	3393	135680000	3403	136120000	domain	440000
chr4	3404	136120000	3404	136160000	gap	40000
chr4	3405	136160000	3426	137040000	domain	880000
chr4	3427	137040000	3443	137720000	domain	680000
chr4	3444	137720000	3454	138160000	domain	440000
chr4	3455	138160000	3464	138560000	domain	400000
chr4	3465	138560000	3475	139000000	domain	440000
chr4	3476	139000000	3491	139640000	domain	640000
chr4	3492	139640000	3509	140360000	domain	720000
chr4	3510	140360000	3522	140880000	domain	520000
chr4	3523	140880000	3529	141160000	domain	280000
chr4	3530	141160000	3531	141240000	boundary	80000
chr4	3532	141240000	3552	142080000	domain	840000
chr4	3553	142080000	3571	142840000	domain	760000
chr4	3572	142840000	3579	143160000	domain	320000
chr4	3580	143160000	3595	143800000	domain	640000
chr4	3596	143800000	3604	144160000	gap	360000
chr4	3605	144160000	3629	145160000	domain	1000000
chr4	3630	145160000	3640	145600000	domain	440000
chr4	3641	145600000	3656	146240000	domain	640000
chr4	3657	146240000	3674	146960000	domain	720000
chr4	3675	146960000	3678	147120000	boundary	160000
chr4	3679	147120000	3690	147600000	domain	480000
chr4	3691	147600000	3698	147920000	domain	320000
chr4	3699	147920000	3727	149080000	domain	1160000
chr4	3728	149080000	3731	149240000	boundary	160000
chr4	3732	149240000	3748	149920000	domain	680000
chr4	3749	149920000	3757	150280000	domain	360000
chr4	3758	150280000	3777	151080000	domain	800000
chr4	3778	151080000	3794	151760000	domain	680000
chr4	3795	151760000	3810	152400000	domain	640000
chr4	3811	152400000	3819	152760000	domain	360000
chr4	3820	152760000	3829	153160000	domain	400000
chr4	3830	153160000	3833	153320000	domain	160000
chr4	3834	153320000	3843	153720000	domain	400000
chr4	3844	153720000	3864	154560000	domain	840000
chr4	3865	154560000	3869	154760000	boundary	200000
chr4	3870	154760000	3874	154960000	domain	200000
chr4	3875	154960000	3884	155360000	domain	400000
chr4	3885	155360000	3895	155800000	domain	440000
chr4	3896	155800000	3899	155960000	boundary	160000
chr4	3900	155960000	3910	156400000	domain	440000
chr4	3911	156400000	3928	157120000	domain	720000
chr4	3929	157120000	3949	157960000	domain	840000
chr4	3950	157960000	3957	158280000	domain	320000
chr4	3958	158280000	3966	158640000	domain	360000
chr4	3967	158640000	3987	159480000	domain	840000
chr4	3988	159480000	4031	161240000	domain	1760000
chr4	4032	161240000	4039	161560000	domain	320000
chr4	4040	161560000	4060	162400000	domain	840000
chr4	4061	162400000	4089	163560000	domain	1160000
chr4	4090	163560000	4106	164240000	domain	680000
chr4	4107	164240000	4107	164280000	gap	40000
chr4	4108	164280000	4118	164720000	domain	440000
chr4	4119	164720000	4131	165240000	domain	520000
chr4	4132	165240000	4132	165280000	gap	40000
chr4	4133	165280000	4153	166120000	domain	840000
chr4	4154	166120000	4174	166960000	domain	840000
chr4	4175	166960000	4192	167680000	domain	720000
chr4	4193	167680000	4204	168160000	domain	480000
chr4	4205	168160000	4213	168520000	domain	360000
chr4	4214	168520000	4223	168920000	domain	400000
chr4	4224	168920000	4240	169600000	domain	680000
chr4	4241	169600000	4253	170120000	domain	520000
chr4	4254	170120000	4272	170880000	domain	760000
chr4	4273	170880000	4278	171120000	boundary	240000
chr4	4279	171120000	4287	171480000	boundary	360000
chr4	4288	171480000	4290	171600000	boundary	120000
chr4	4291	171600000	4296	171840000	boundary	240000
chr4	4297	171840000	4307	172280000	boundary	440000
chr4	4308	172280000	4323	172920000	domain	640000
chr4	4324	172920000	4338	173520000	domain	600000
chr4	4339	173520000	4355	174200000	domain	680000
chr4	4356	174200000	4358	174320000	boundary	120000
chr4	4359	174320000	4368	174720000	domain	400000
chr4	4369	174720000	4388	175520000	domain	800000
chr4	4389	175520000	4399	175960000	domain	440000
chr4	4400	175960000	4410	176400000	domain	440000
chr4	4411	176400000	4438	177520000	domain	1120000
chr4	4439	177520000	4485	179400000	domain	1880000
chr4	4486	179400000	4501	180040000	boundary	640000
chr4	4502	180040000	4516	180640000	domain	600000
chr4	4517	180640000	4529	181160000	domain	520000
chr4	4530	181160000	4539	181560000	domain	400000
chr4	4540	181560000	4571	182840000	domain	1280000
chr4	4572	182840000	4586	183440000	domain	600000
chr4	4587	183440000	4594	183760000	domain	320000
chr4	4595	183760000	4606	184240000	domain	480000
chr4	4607	184240000	4617	184680000	domain	440000
chr4	4618	184680000	4629	185160000	domain	480000
chr4	4630	185160000	4640	185600000	domain	440000
chr4	4641	185600000	4655	186200000	domain	600000
chr4	4656	186200000	4666	186640000	domain	440000
chr4	4667	186640000	4690	187600000	domain	960000
chr4	4691	187600000	4711	188440000	domain	840000
chr4	4712	188440000	4740	189600000	domain	1160000
chr4	4741	189600000	4744	189760000	gap	160000
chr4	4745	189760000	4750	190000000	domain	240000
chr4	4751	190000000	4755	190200000	gap	200000
