chr	from.id	from.coord	to.id	to.coord	tag	size
chr3	1	0	1	40000	gap	40000
chr3	2	40000	14	560000	domain	520000
chr3	15	560000	16	640000	gap	80000
chr3	17	640000	26	1040000	domain	400000
chr3	27	1040000	46	1840000	domain	800000
chr3	47	1840000	50	2000000	boundary	160000
chr3	51	2000000	80	3200000	domain	1200000
chr3	81	3200000	107	4280000	domain	1080000
chr3	108	4280000	117	4680000	domain	400000
chr3	118	4680000	128	5120000	domain	440000
chr3	129	5120000	130	5200000	boundary	80000
chr3	131	5200000	171	6840000	domain	1640000
chr3	172	6840000	210	8400000	domain	1560000
chr3	211	8400000	217	8680000	domain	280000
chr3	218	8680000	219	8760000	boundary	80000
chr3	220	8760000	224	8960000	domain	200000
chr3	225	8960000	234	9360000	domain	400000
chr3	235	9360000	243	9720000	domain	360000
chr3	244	9720000	258	10320000	domain	600000
chr3	259	10320000	268	10720000	domain	400000
chr3	269	10720000	278	11120000	domain	400000
chr3	279	11120000	281	11240000	boundary	120000
chr3	282	11240000	297	11880000	domain	640000
chr3	298	11880000	313	12520000	domain	640000
chr3	314	12520000	321	12840000	domain	320000
chr3	322	12840000	325	13000000	boundary	160000
chr3	326	13000000	337	13480000	domain	480000
chr3	338	13480000	342	13680000	domain	200000
chr3	343	13680000	353	14120000	domain	440000
chr3	354	14120000	366	14640000	domain	520000
chr3	367	14640000	377	15080000	domain	440000
chr3	378	15080000	390	15600000	domain	520000
chr3	391	15600000	406	16240000	domain	640000
chr3	407	16240000	415	16600000	domain	360000
chr3	416	16600000	431	17240000	domain	640000
chr3	432	17240000	447	17880000	domain	640000
chr3	448	17880000	461	18440000	domain	560000
chr3	462	18440000	475	19000000	domain	560000
chr3	476	19000000	497	19880000	domain	880000
chr3	498	19880000	508	20320000	domain	440000
chr3	509	20320000	525	21000000	domain	680000
chr3	526	21000000	550	22000000	domain	1000000
chr3	551	22000000	564	22560000	domain	560000
chr3	565	22560000	574	22960000	domain	400000
chr3	575	22960000	598	23920000	domain	960000
chr3	599	23920000	617	24680000	domain	760000
chr3	618	24680000	640	25600000	domain	920000
chr3	641	25600000	669	26760000	domain	1160000
chr3	670	26760000	678	27120000	domain	360000
chr3	679	27120000	682	27280000	domain	160000
chr3	683	27280000	699	27960000	domain	680000
chr3	700	27960000	702	28080000	gap	120000
chr3	703	28080000	708	28320000	domain	240000
chr3	709	28320000	711	28440000	gap	120000
chr3	712	28440000	727	29080000	domain	640000
chr3	728	29080000	734	29360000	gap	280000
chr3	735	29360000	751	30040000	domain	680000
chr3	752	30040000	752	30080000	gap	40000
chr3	753	30080000	757	30280000	domain	200000
chr3	758	30280000	761	30440000	gap	160000
chr3	762	30440000	790	31600000	domain	1160000
chr3	791	31600000	791	31640000	gap	40000
chr3	792	31640000	801	32040000	domain	400000
chr3	802	32040000	802	32080000	gap	40000
chr3	803	32080000	806	32240000	domain	160000
chr3	807	32240000	807	32280000	gap	40000
chr3	808	32280000	812	32480000	domain	200000
chr3	813	32480000	814	32560000	gap	80000
chr3	815	32560000	827	33080000	domain	520000
chr3	828	33080000	836	33440000	domain	360000
chr3	837	33440000	837	33480000	gap	40000
chr3	838	33480000	841	33640000	domain	160000
chr3	842	33640000	847	33880000	gap	240000
chr3	848	33880000	851	34040000	domain	160000
chr3	852	34040000	856	34240000	gap	200000
chr3	857	34240000	860	34400000	domain	160000
chr3	861	34400000	861	34440000	gap	40000
chr3	862	34440000	866	34640000	domain	200000
chr3	867	34640000	867	34680000	gap	40000
chr3	868	34680000	875	35000000	domain	320000
chr3	876	35000000	881	35240000	gap	240000
chr3	882	35240000	887	35480000	domain	240000
chr3	888	35480000	891	35640000	gap	160000
chr3	892	35640000	897	35880000	domain	240000
chr3	898	35880000	898	35920000	gap	40000
chr3	899	35920000	902	36080000	domain	160000
chr3	903	36080000	903	36120000	gap	40000
chr3	904	36120000	918	36720000	domain	600000
chr3	919	36720000	922	36880000	boundary	160000
chr3	923	36880000	924	36960000	boundary	80000
chr3	925	36960000	933	37320000	domain	360000
chr3	934	37320000	946	37840000	domain	520000
chr3	947	37840000	951	38040000	boundary	200000
chr3	952	38040000	963	38520000	domain	480000
chr3	964	38520000	976	39040000	domain	520000
chr3	977	39040000	986	39440000	domain	400000
chr3	987	39440000	1014	40560000	domain	1120000
chr3	1015	40560000	1047	41880000	domain	1320000
chr3	1048	41880000	1056	42240000	domain	360000
chr3	1057	42240000	1064	42560000	domain	320000
chr3	1065	42560000	1073	42920000	domain	360000
chr3	1074	42920000	1088	43520000	domain	600000
chr3	1089	43520000	1107	44280000	domain	760000
chr3	1108	44280000	1125	45000000	domain	720000
chr3	1126	45000000	1143	45720000	domain	720000
chr3	1144	45720000	1162	46480000	domain	760000
chr3	1163	46480000	1166	46640000	domain	160000
chr3	1167	46640000	1185	47400000	domain	760000
chr3	1186	47400000	1195	47800000	domain	400000
chr3	1196	47800000	1205	48200000	domain	400000
chr3	1206	48200000	1211	48440000	domain	240000
chr3	1212	48440000	1217	48680000	domain	240000
chr3	1218	48680000	1225	49000000	domain	320000
chr3	1226	49000000	1237	49480000	domain	480000
chr3	1238	49480000	1259	50360000	domain	880000
chr3	1260	50360000	1266	50640000	domain	280000
chr3	1267	50640000	1285	51400000	domain	760000
chr3	1286	51400000	1298	51920000	domain	520000
chr3	1299	51920000	1310	52400000	domain	480000
chr3	1311	52400000	1318	52720000	domain	320000
chr3	1319	52720000	1332	53280000	domain	560000
chr3	1333	53280000	1348	53920000	domain	640000
chr3	1349	53920000	1361	54440000	domain	520000
chr3	1362	54440000	1408	56320000	domain	1880000
chr3	1409	56320000	1413	56520000	domain	200000
chr3	1414	56520000	1427	57080000	domain	560000
chr3	1428	57080000	1431	57240000	domain	160000
chr3	1432	57240000	1446	57840000	domain	600000
chr3	1447	57840000	1455	58200000	domain	360000
chr3	1456	58200000	1458	58320000	boundary	120000
chr3	1459	58320000	1466	58640000	domain	320000
chr3	1467	58640000	1497	59880000	domain	1240000
chr3	1498	59880000	1535	61400000	domain	1520000
chr3	1536	61400000	1555	62200000	domain	800000
chr3	1556	62200000	1565	62600000	domain	400000
chr3	1566	62600000	1578	63120000	domain	520000
chr3	1579	63120000	1579	63160000	gap	40000
chr3	1580	63160000	1598	63920000	domain	760000
chr3	1599	63920000	1602	64080000	gap	160000
chr3	1603	64080000	1613	64520000	domain	440000
chr3	1614	64520000	1630	65200000	domain	680000
chr3	1631	65200000	1631	65240000	gap	40000
chr3	1632	65240000	1637	65480000	domain	240000
chr3	1638	65480000	1638	65520000	gap	40000
chr3	1639	65520000	1642	65680000	domain	160000
chr3	1643	65680000	1643	65720000	gap	40000
chr3	1644	65720000	1655	66200000	domain	480000
chr3	1656	66200000	1672	66880000	domain	680000
chr3	1673	66880000	1673	66920000	gap	40000
chr3	1674	66920000	1686	67440000	domain	520000
chr3	1687	67440000	1688	67520000	gap	80000
chr3	1689	67520000	1698	67920000	domain	400000
chr3	1699	67920000	1699	67960000	gap	40000
chr3	1700	67960000	1720	68800000	domain	840000
chr3	1721	68800000	1721	68840000	gap	40000
chr3	1722	68840000	1750	70000000	domain	1160000
chr3	1751	70000000	1751	70040000	gap	40000
chr3	1752	70040000	1757	70280000	domain	240000
chr3	1758	70280000	1760	70400000	gap	120000
chr3	1761	70400000	1775	71000000	domain	600000
chr3	1776	71000000	1780	71200000	gap	200000
chr3	1781	71200000	1800	72000000	domain	800000
chr3	1801	72000000	1801	72040000	gap	40000
chr3	1802	72040000	1825	73000000	domain	960000
chr3	1826	73000000	1826	73040000	gap	40000
chr3	1827	73040000	1833	73320000	domain	280000
chr3	1834	73320000	1834	73360000	gap	40000
chr3	1835	73360000	1845	73800000	domain	440000
chr3	1846	73800000	1846	73840000	gap	40000
chr3	1847	73840000	1857	74280000	domain	440000
chr3	1858	74280000	1867	74680000	domain	400000
chr3	1868	74680000	1902	76080000	gap	1400000
chr3	1903	76080000	1915	76600000	domain	520000
chr3	1916	76600000	1919	76760000	gap	160000
chr3	1920	76760000	1923	76920000	domain	160000
chr3	1924	76920000	1924	76960000	gap	40000
chr3	1925	76960000	1929	77160000	domain	200000
chr3	1930	77160000	1933	77320000	gap	160000
chr3	1934	77320000	1937	77480000	domain	160000
chr3	1938	77480000	1950	78000000	gap	520000
chr3	1951	78000000	1958	78320000	domain	320000
chr3	1959	78320000	1959	78360000	gap	40000
chr3	1960	78360000	1966	78640000	domain	280000
chr3	1967	78640000	1973	78920000	gap	280000
chr3	1974	78920000	1977	79080000	domain	160000
chr3	1978	79080000	1990	79600000	gap	520000
chr3	1991	79600000	1994	79760000	domain	160000
chr3	1995	79760000	2003	80120000	gap	360000
chr3	2004	80120000	2008	80320000	domain	200000
chr3	2009	80320000	2030	81200000	gap	880000
chr3	2031	81200000	2038	81520000	domain	320000
chr3	2039	81520000	2045	81800000	gap	280000
chr3	2046	81800000	2052	82080000	domain	280000
chr3	2053	82080000	2136	85440000	gap	3360000
chr3	2137	85440000	2140	85600000	domain	160000
chr3	2141	85600000	2158	86320000	gap	720000
chr3	2159	86320000	2162	86480000	domain	160000
chr3	2163	86480000	2171	86840000	gap	360000
chr3	2172	86840000	2176	87040000	domain	200000
chr3	2177	87040000	2177	87080000	gap	40000
chr3	2178	87080000	2182	87280000	domain	200000
chr3	2183	87280000	2191	87640000	gap	360000
chr3	2192	87640000	2196	87840000	domain	200000
chr3	2197	87840000	2206	88240000	gap	400000
chr3	2207	88240000	2211	88440000	domain	200000
chr3	2212	88440000	2214	88560000	gap	120000
chr3	2215	88560000	2218	88720000	domain	160000
chr3	2219	88720000	2225	89000000	gap	280000
chr3	2226	89000000	2229	89160000	domain	160000
chr3	2230	89160000	2230	89200000	gap	40000
chr3	2231	89200000	2256	90240000	domain	1040000
chr3	2257	90240000	2346	93840000	gap	3600000
chr3	2347	93840000	2356	94240000	domain	400000
chr3	2357	94240000	2370	94800000	domain	560000
chr3	2371	94800000	2395	95800000	domain	1000000
chr3	2396	95800000	2397	95880000	boundary	80000
chr3	2398	95880000	2400	96000000	domain	120000
chr3	2401	96000000	2406	96240000	boundary	240000
chr3	2407	96240000	2421	96840000	domain	600000
chr3	2422	96840000	2444	97760000	domain	920000
chr3	2445	97760000	2450	98000000	domain	240000
chr3	2451	98000000	2463	98520000	domain	520000
chr3	2464	98520000	2476	99040000	domain	520000
chr3	2477	99040000	2495	99800000	domain	760000
chr3	2496	99800000	2507	100280000	domain	480000
chr3	2508	100280000	2519	100760000	domain	480000
chr3	2520	100760000	2532	101280000	domain	520000
chr3	2533	101280000	2543	101720000	domain	440000
chr3	2544	101720000	2556	102240000	domain	520000
chr3	2557	102240000	2566	102640000	domain	400000
chr3	2567	102640000	2580	103200000	domain	560000
chr3	2581	103200000	2581	103240000	gap	40000
chr3	2582	103240000	2605	104200000	domain	960000
chr3	2606	104200000	2614	104560000	domain	360000
chr3	2615	104560000	2639	105560000	domain	1000000
chr3	2640	105560000	2680	107200000	domain	1640000
chr3	2681	107200000	2697	107880000	domain	680000
chr3	2698	107880000	2712	108480000	domain	600000
chr3	2713	108480000	2714	108560000	boundary	80000
chr3	2715	108560000	2725	109000000	domain	440000
chr3	2726	109000000	2742	109680000	domain	680000
chr3	2743	109680000	2777	111080000	domain	1400000
chr3	2778	111080000	2789	111560000	domain	480000
chr3	2790	111560000	2802	112080000	domain	520000
chr3	2803	112080000	2814	112560000	domain	480000
chr3	2815	112560000	2825	113000000	domain	440000
chr3	2826	113000000	2826	113040000	gap	40000
chr3	2827	113040000	2836	113440000	domain	400000
chr3	2837	113440000	2838	113520000	gap	80000
chr3	2839	113520000	2844	113760000	domain	240000
chr3	2845	113760000	2846	113840000	gap	80000
chr3	2847	113840000	2863	114520000	domain	680000
chr3	2864	114520000	2878	115120000	gap	600000
chr3	2879	115120000	2896	115840000	domain	720000
chr3	2897	115840000	2899	115960000	boundary	120000
chr3	2900	115960000	2919	116760000	domain	800000
chr3	2920	116760000	2935	117400000	domain	640000
chr3	2936	117400000	2951	118040000	domain	640000
chr3	2952	118040000	2971	118840000	domain	800000
chr3	2972	118840000	2981	119240000	domain	400000
chr3	2982	119240000	2993	119720000	domain	480000
chr3	2994	119720000	3006	120240000	domain	520000
chr3	3007	120240000	3014	120560000	domain	320000
chr3	3015	120560000	3038	121520000	domain	960000
chr3	3039	121520000	3059	122360000	domain	840000
chr3	3060	122360000	3071	122840000	domain	480000
chr3	3072	122840000	3082	123280000	domain	440000
chr3	3083	123280000	3090	123600000	domain	320000
chr3	3091	123600000	3093	123720000	boundary	120000
chr3	3094	123720000	3114	124560000	domain	840000
chr3	3115	124560000	3118	124720000	domain	160000
chr3	3119	124720000	3123	124920000	domain	200000
chr3	3124	124920000	3142	125680000	domain	760000
chr3	3143	125680000	3149	125960000	gap	280000
chr3	3150	125960000	3163	126520000	domain	560000
chr3	3164	126520000	3189	127560000	domain	1040000
chr3	3190	127560000	3201	128040000	domain	480000
chr3	3202	128040000	3215	128600000	domain	560000
chr3	3216	128600000	3223	128920000	domain	320000
chr3	3224	128920000	3236	129440000	domain	520000
chr3	3237	129440000	3250	130000000	domain	560000
chr3	3251	130000000	3255	130200000	gap	200000
chr3	3256	130200000	3267	130680000	domain	480000
chr3	3268	130680000	3276	131040000	domain	360000
chr3	3277	131040000	3295	131800000	domain	760000
chr3	3296	131800000	3299	131960000	boundary	160000
chr3	3300	131960000	3311	132440000	domain	480000
chr3	3312	132440000	3318	132720000	domain	280000
chr3	3319	132720000	3336	133440000	domain	720000
chr3	3337	133440000	3341	133640000	domain	200000
chr3	3342	133640000	3355	134200000	domain	560000
chr3	3356	134200000	3363	134520000	domain	320000
chr3	3364	134520000	3398	135920000	domain	1400000
chr3	3399	135920000	3426	137040000	domain	1120000
chr3	3427	137040000	3451	138040000	domain	1000000
chr3	3452	138040000	3463	138520000	domain	480000
chr3	3464	138520000	3474	138960000	domain	440000
chr3	3475	138960000	3485	139400000	domain	440000
chr3	3486	139400000	3522	140880000	domain	1480000
chr3	3523	140880000	3532	141280000	domain	400000
chr3	3533	141280000	3549	141960000	domain	680000
chr3	3550	141960000	3559	142360000	domain	400000
chr3	3560	142360000	3564	142560000	boundary	200000
chr3	3565	142560000	3576	143040000	domain	480000
chr3	3577	143040000	3593	143720000	domain	680000
chr3	3594	143720000	3599	143960000	domain	240000
chr3	3600	143960000	3631	145240000	domain	1280000
chr3	3632	145240000	3632	145280000	gap	40000
chr3	3633	145280000	3644	145760000	domain	480000
chr3	3645	145760000	3651	146040000	domain	280000
chr3	3652	146040000	3655	146200000	domain	160000
chr3	3656	146200000	3668	146720000	domain	520000
chr3	3669	146720000	3681	147240000	domain	520000
chr3	3682	147240000	3690	147600000	domain	360000
chr3	3691	147600000	3702	148080000	domain	480000
chr3	3703	148080000	3709	148360000	domain	280000
chr3	3710	148360000	3723	148920000	domain	560000
chr3	3724	148920000	3733	149320000	domain	400000
chr3	3734	149320000	3746	149840000	domain	520000
chr3	3747	149840000	3763	150520000	domain	680000
chr3	3764	150520000	3779	151160000	domain	640000
chr3	3780	151160000	3784	151360000	domain	200000
chr3	3785	151360000	3799	151960000	domain	600000
chr3	3800	151960000	3812	152480000	domain	520000
chr3	3813	152480000	3825	153000000	domain	520000
chr3	3826	153000000	3850	154000000	domain	1000000
chr3	3851	154000000	3858	154320000	domain	320000
chr3	3859	154320000	3883	155320000	domain	1000000
chr3	3884	155320000	3894	155760000	domain	440000
chr3	3895	155760000	3899	155960000	boundary	200000
chr3	3900	155960000	3913	156520000	domain	560000
chr3	3914	156520000	3929	157160000	domain	640000
chr3	3930	157160000	3938	157520000	domain	360000
chr3	3939	157520000	3963	158520000	domain	1000000
chr3	3964	158520000	3971	158840000	domain	320000
chr3	3972	158840000	3983	159320000	domain	480000
chr3	3984	159320000	3996	159840000	domain	520000
chr3	3997	159840000	4000	160000000	boundary	160000
chr3	4001	160000000	4012	160480000	domain	480000
chr3	4013	160480000	4014	160560000	boundary	80000
chr3	4015	160560000	4037	161480000	domain	920000
chr3	4038	161480000	4070	162800000	domain	1320000
chr3	4071	162800000	4076	163040000	gap	240000
chr3	4077	163040000	4086	163440000	domain	400000
chr3	4087	163440000	4100	164000000	domain	560000
chr3	4101	164000000	4119	164760000	domain	760000
chr3	4120	164760000	4130	165200000	domain	440000
chr3	4131	165200000	4139	165560000	domain	360000
chr3	4140	165560000	4140	165600000	gap	40000
chr3	4141	165600000	4176	167040000	domain	1440000
chr3	4177	167040000	4184	167360000	domain	320000
chr3	4185	167360000	4197	167880000	domain	520000
chr3	4198	167880000	4205	168200000	domain	320000
chr3	4206	168200000	4221	168840000	domain	640000
chr3	4222	168840000	4244	169760000	domain	920000
chr3	4245	169760000	4256	170240000	domain	480000
chr3	4257	170240000	4273	170920000	domain	680000
chr3	4274	170920000	4290	171600000	domain	680000
chr3	4291	171600000	4309	172360000	domain	760000
chr3	4310	172360000	4319	172760000	domain	400000
chr3	4320	172760000	4412	176480000	domain	3720000
chr3	4413	176480000	4424	176960000	domain	480000
chr3	4425	176960000	4460	178400000	domain	1440000
chr3	4461	178400000	4475	179000000	domain	600000
chr3	4476	179000000	4490	179600000	domain	600000
chr3	4491	179600000	4515	180600000	domain	1000000
chr3	4516	180600000	4530	181200000	domain	600000
chr3	4531	181200000	4542	181680000	domain	480000
chr3	4543	181680000	4567	182680000	domain	1000000
chr3	4568	182680000	4577	183080000	domain	400000
chr3	4578	183080000	4586	183440000	domain	360000
chr3	4587	183440000	4597	183880000	domain	440000
chr3	4598	183880000	4608	184320000	domain	440000
chr3	4609	184320000	4621	184840000	domain	520000
chr3	4622	184840000	4633	185320000	domain	480000
chr3	4634	185320000	4640	185600000	domain	280000
chr3	4641	185600000	4648	185920000	domain	320000
chr3	4649	185920000	4664	186560000	domain	640000
chr3	4665	186560000	4669	186760000	domain	200000
chr3	4670	186760000	4680	187200000	domain	440000
chr3	4681	187200000	4693	187720000	domain	520000
chr3	4694	187720000	4724	188960000	domain	1240000
chr3	4725	188960000	4731	189240000	domain	280000
chr3	4732	189240000	4749	189960000	domain	720000
chr3	4750	189960000	4761	190440000	domain	480000
chr3	4762	190440000	4778	191120000	domain	680000
chr3	4779	191120000	4786	191440000	domain	320000
chr3	4787	191440000	4803	192120000	domain	680000
chr3	4804	192120000	4812	192480000	domain	360000
chr3	4813	192480000	4820	192800000	domain	320000
chr3	4821	192800000	4840	193600000	domain	800000
chr3	4841	193600000	4861	194440000	domain	840000
chr3	4862	194440000	4866	194640000	domain	200000
chr3	4867	194640000	4878	195120000	domain	480000
chr3	4879	195120000	4887	195480000	domain	360000
chr3	4888	195480000	4900	196000000	gap	520000
chr3	4901	196000000	4930	197200000	domain	1200000
chr3	4931	197200000	4940	197600000	domain	400000
chr3	4941	197600000	4942	197680000	gap	80000
chr3	4943	197680000	4953	198120000	domain	440000
chr3	4954	198120000	4955	198200000	gap	80000
